51494976
00009672
00204240
74260314
99342594
17981250
14025125
11260539
67105632
19390792
49009596
52672464
01435481
00764314
99692320
20795632
54885360
12404360
53952304
04414529
63125118
90079817
18676710
97066151
76989068
53645634
49295142
65713417
73854811
26227792
61502448
57595727
02910268
59523387
91642842
28383779
44783251
14384082
13555800
96855590
10611005
18046441
10659798
01766349
42488691
21558669
20259106
95895345
05507220
04824215
46425848
94041333
86642897
12170070
56617106
70112993
76393908
80551133
31878500
03401787
74548210
71470995
90323730
74546971
97502890
20782695
16718893
16604170
20250465
74138885
71997820
40856436
26246615
33189183
40638309
91441675
01033688
31071699
33019635
18303638
02388660
97344809
24851286
57949408
09220448
57690023
85015048
31527459
12450040
30233320
82029951
88359392
08731671
35409882
27671481
92156502
04631914
65309010
53839188
09531544
16633939
06819180
39079845
58986783
43723778
79129086
15061939
69051641
38129745
50778120
15241750
56405586
20522778
03286515
29468176
61823637
17673999
41889539
12375974
98463409
36063036
07899390
28097877
73714740
48212320
69392778
76790603
23013149
03405345
35485338
15231626
29102409
23660070
28868166
50598850
04020472
21297466
60756928
71569114
55018167
10891463
85819863
13761027
76933383
98267186
34348743
62480381
43067155
61980504
61721373
70792164
73383225
54562012
97575355
25751743
43935480
80325478
52533095
06808971
22509974
84413834
00482273
97186530
74403927
17783156
41653837
11667273
44937263
81464733
37966260
77574793
05599594
00709207
27765278
46339018
38228872
71834972
79037420
39767154
47145253
09693046
53161257
50873579
54108002
29692969
25917358
51058959
94587574
45159366
49380102
75518548
92690656
53283479
60479377
02482900
42505038
36004888
68596745
17206705
35508564
68731408
34165483
42138419
09003717
65248071
24761180
48535705
73582079
35176059
89233776
47161525
96099302
08439862
14791098
09361612
78936542
50350729
18226990
53073761
04775806
96731676
37355230
51366470
65512790
24921122
41043889
23875332
13547359
68021591
26056696
09595754
88480953
27779660
05862216
34222403
76071025
49673024
95458379
56141447
11340987
22946619
18953454
09388316
46020036
22576832
92179451
28938524
94140203
19455455
66840761
50089048
45165077
41501157
45461346
33424666
26714675
87978396
95788752
41697460
24753359
16346269
81741562
85625041
84795652
53153285
63728498
90308352
84929586
29662156
66073932
18497339
49930592
17816110
30944690
10488963
34354039
02788690
93911680
24734785
65517358
45728069
50579487
06566644
51333987
32442683
17259703
38004576
85431157
31530505
63406612
51329605
44855000
46666492
88293677
37141674
72559052
81815229
04839129
60949388
57826833
57001564
07313156
84281238
27549288
24788978
50509907
00061062
31742415
32538528
06971588
86280606
57166377
33401822
88381663
33019355
84112419
39685162
26609067
34396071
68640859
63907083
06972861
92325030
30758352
91645912
36984064
68115796
08083261
42289595
61550031
55614453
30190271
40811988
56888025
37464290
97434201
16937648
95826766
84191392
26057258
39029100
42823412
67379362
81602998
38760373
62806723
48374544
39877742
33852227
48808404
62587319
59553016
60738842
47201041
72061301
58007214
00394268
31174266
93106945
67211896
14200104
03988618
86883442
08122291
58599401
36297727
59872889
00420862
37817324
18681862
68161991
46983238
70027769
06214855
39933657
74182229
47776377
04293668
72102343
16061722
22060787
51113065
58159398
52261502
70506910
81443703
57515271
71189779
57693419
90079496
73044531
78016186
11528854
91129432
96463691
48873368
29938488
68477699
67128125
57875655
52470476
74057018
63117490
79943475
86894255
96090937
64959072
65334092
29746012
35341310
16816100
13115296
89648512
34976877
44077863
35721705
62972922
75190612
80533902
64467707
89380518
66220950
04480713
23649970
01467785
48195305
77199609
24474451
37862981
51421467
80893899
29632390
37627199
82665228
27606508
22949809
56270413
03637398
53667945
15377049
56584508
26342013
35890326
13512121
98577763
02616401
38179001
22542599
74095252
11618547
63662812
44059836
19182978
43127135
33572785
62382233
15605964
69104461
95047696
06215931
01833255
78339337
07844823
40922454
93171854
13287530
28619605
79528952
37371199
36288689
68993133
45419977
92330292
71436041
51781405
00751312
23175530
75517192
59777113
51334803
57918247
26682477
08715412
78931019
10500026
16361920
31207156
52825410
54576472
26584039
43429600
81698453
32477847
05309277
25236116
11467922
60338705
48964074
34298222
72942664
04689377
51952850
95169907
98010723
27300725
35700556
55599589
65475630
25924127
09455037
56194238
75118838
15745626
09108132
82902457
04410567
26151403
08209204
78048516
68428808
79103214
50078130
95024717
54320988
81269805
01118415
99886035
06357036
84543724
54776239
88915112
43764216
31552472
40350915
71858531
60219444
61791529
22725339
90498962
48652321
41786907
47797941
33069703
01094977
34701141
26789353
58188695
67757820
14233649
45622478
52144704
53873148
84848840
67669325
15849469
12001625
42501394
23088985
67152288
48345791
17846224
01016630
30325779
84782260
18728251
62399611
49684284
43460681
09197614
48351296
12942559
08510034
13216709
15811939
54898080
57297170
64442617
80179570
33436393
34248943
07529218
30727609
15022513
57649023
21192024
35081042
58160217
57409895
35796433
88482762
90071116
26174674
76139436
46507749
72312902
83595882
69864491
39830107
73589693
81006434
92165753
70452757
70316138
33262377
26606825
60064885
35208789
92240141
61508714
96293843
69126540
78439009
97709054
50489246
94072795
25939767
45232665
79244613
88259058
79202776
16514872
05003206
67296588
58451700
32424604
11501458
10634821
41984361
28827820
73172050
12495551
18833848
74966150
25098723
47322870
24489324
26829778
48187137
57886039
53996394
34998821
98803188
80741822
42863630
16359488
97903507
22303843
26845042
67429338
07684684
14665407
18626340
77622513
58456239
45920386
87566113
82870229
22175934
75705952
50260948
36915107
78516460
48966677
35179942
68055395
77808073
25734126
18969648
57151728
36852853
57201464
13523872
35933665
02169815
33078772
03920193
73167877
00443603
38491106
82114451
60750011
61334390
43078590
15157357
57310461
93560777
16383873
96480192
80032414
93526963
01045354
58825883
88644788
96572793
70924039
52102227
68619221
72180323
41972591
34408151
53641457
71625646
45735225
57456237
80876770
89431819
17756793
17149834
85282913
11613023
59461977
91968622
27861320
55217994
92228890
40578243
51928917
10555258
36238704
17671981
50881182
28047636
52725047
31539880
91055045
69389547
92917276
14636178
84261894
01674214
46328201
03533564
54538087
98166163
63159556
91348877
15158768
87458917
35331948
26693577
64855895
63130599
84180012
13135603
20257220
05099135
73429128
31732933
41977399
51316550
58905784
99864583
13404948
79119110
13580988
05662235
71968239
22861820
85316633
53219655
15519907
42138985
81703351
51354114
33930549
41551719
58643146
52810501
39675030
10684504
10766488
82399349
48729348
07023215
45087584
51149412
42905490
68812368
38983653
15911027
59004520
69261418
67614582
34561191
35433951
03425762
70050513
72958120
29349968
60715149
70662406
76333267
95548850
28828815
15651128
44082302
87848269
49309032
62088090
82922680
10380295
83962360
04220446
42828260
47432506
93115769
53017176
49187006
51928549
16232041
36956415
90312876
79598173
33746063
13234465
40318185
71923462
66912168
51450857
15403645
28334511
09448629
96025110
19324086
91002044
91826476
53921488
69787460
06985586
25979639
26306749
98761442
95262575
47083332
28292621
61470645
16510388
58325302
54524821
37752111
25929858
65307345
31181857
49363831
45169730
28341546
28913394
39151384
14773929
78945808
95914603
25332005
61381596
15468051
88178201
78224385
99779051
53325747
91318935
61449670
80593487
84561919
97762845
06566299
79361196
99523365
79731588
26808196
54565912
48534913
14027306
35297435
63587061
64392417
30466012
85229089
85372991
47319582
79736810
32142076
64918856
97814004
67878856
61248887
09023647
45249805
18676622
97437290
97937870
39300724
29858181
99836890
81084728
30799023
42465308
74666893
43735324
88378168
89414296
89738408
91553512
69043602
69585918
23216566
34904427
70784646
12681127
38134659
65181505
54868676
13739741
55876396
70765885
70805465
89418594
29852594
61537204
30773282
92781426
95926494
66395468
33236018
33340534
50443473
50821773
18341923
55995411
37716526
38963614
78000236
39266618
98959015
99080405
80192516
81939068
62764941
42609902
21551941
22445909
23049727
95552932
48834134
50266618
50267738
25534721
80559201
28298363
57216694
57529874
87424413
88188297
29792597
30118547
61716502
93788943
62980798
31745141
65213842
67910134
70660166
74964542
77629066
38985841
39114617
81753974
42755407
44291803
44706877
45717109
92488094
93613382
46828709
98479046
98918434
49762819
51418891
51708029
51835213
52122887
56778343
57490463
61480379
62853589
63241847
64097183
65012197
68885119
69522569
73278859
74012537
75269549
77147669
78508739
78824573
79827953
84597571
91937429
92255197
94997653
95255371
