33401822
43127135
58905784
50350729
74964542
61791529
55217994
72942664
33340534
81815229
78931019
47432506
26682477
47322870
63159556
04220446
69522569
68619221
73044531
73383225
60949388
83962360
42505038
95914603
71923462
70660166
91002044
52672464
84112419
33019635
73589693
54320988
97437290
59777113
06819180
52102227
10659798
25924127
88378168
15651128
07529218
93560777
93911680
73714740
26306749
33930549
14773929
14384082
87424413
65512790
22175934
43764216
61550031
58825883
25939767
40350915
32477847
23088985
61716502
36915107
84543724
76333267
42138985
31742415
94587574
53017176
09693046
81464733
85015048
28334511
79731588
71834972
67429338
50078130
84413834
08122291
98267186
32424604
96293843
90079817
28619605
22303843
10611005
85316633
04824215
24921122
01766349
36238704
03988618
49309032
77147669
71436041
15158768
44706877
62088090
27300725
94041333
25929858
28047636
80559201
51354114
80593487
80876770
92325030
57456237
49187006
67296588
76790603
18303638
49673024
07684684
18728251
70792164
95788752
70924039
15157357
39266618
53283479
51366470
34408151
82870229
97709054
99692320
30773282
46507749
00061062
20795632
30799023
33852227
57529874
54868676
17259703
15745626
88188297
93171854
65517358
15811939
15231626
48534913
22946619
38491106
64097183
36004888
38228872
84561919
14233649
03637398
57001564
39933657
26056696
77574793
61502448
91348877
72102343
27606508
56778343
53996394
52144704
15519907
25917358
34998821
67211896
97066151
50821773
42863630
65713417
68428808
29662156
01435481
74260314
63130599
53873148
15377049
34165483
18341923
44937263
13761027
51058959
51334803
22060787
90323730
37752111
37966260
71968239
14791098
56584508
38179001
91055045
13115296
38760373
95024717
16514872
50260948
57515271
39830107
67152288
14200104
53325747
19324086
88293677
29858181
64392417
28298363
23649970
53219655
81753974
65181505
85625041
89414296
50881182
58007214
42609902
03286515
67878856
33436393
14027306
63241847
43723778
24788978
70316138
46328201
33069703
89738408
93526963
75518548
05309277
02616401
68812368
92330292
11260539
05003206
20782695
77199609
45249805
89233776
53073761
05599594
40922454
48374544
29746012
16633939
73582079
62587319
50873579
29632390
94140203
37464290
68021591
06357036
47145253
52470476
70506910
53153285
67910134
88359392
26342013
51952850
53641457
07844823
38963614
60715149
95255371
30466012
37371199
03533564
51333987
39151384
08083261
21297466
95262575
54538087
41653837
48652321
76393908
12450040
56194238
26789353
39685162
78224385
51329605
41043889
06566644
48187137
11667273
02788690
45159366
18626340
97575355
36063036
57693419
07023215
13287530
17673999
34248943
09361612
70050513
65334092
04480713
12375974
98959015
48195305
94072795
57690023
31527459
37141674
57216694
97937870
62399611
17149834
63907083
54898080
05507220
34976877
58986783
64918856
97186530
79119110
23013149
38134659
06971588
30325779
09197614
18497339
40811988
69104461
36852853
18676622
50443473
75517192
22576832
31530505
04775806
42289595
02388660
42465308
91642842
49363831
22445909
61480379
80741822
34396071
50089048
74666893
89431819
95548850
59461977
16604170
50267738
35208789
30190271
57595727
43935480
13739741
53645634
96855590
63728498
87566113
10891463
61537204
91318935
31552472
57201464
34222403
71569114
46983238
35331948
98803188
13135603
92156502
81006434
16061722
54524821
92488094
41977399
50778120
58451700
28292621
95047696
68477699
99886035
64467707
18969648
01045354
90308352
39079845
42823412
11467922
78048516
14665407
99080405
04410567
65307345
43078590
67379362
57826833
45717109
52261502
50579487
51928917
19455455
80179570
48535705
34354039
11613023
15468051
90312876
16346269
80551133
63117490
42488691
10500026
39767154
51494976
46666492
00394268
45728069
78945808
10555258
28827820
31174266
06214855
33019355
12495551
24851286
01833255
06566299
98761442
15022513
38985841
03401787
60750011
97502890
59872889
01118415
48834134
23875332
00751312
24474451
74966150
31539880
98463409
42828260
66912168
12404360
84281238
28828815
92228890
59523387
72958120
46339018
04293668
63125118
24734785
35721705
41972591
86280606
13216709
10634821
27765278
20250465
91441675
49295142
64959072
65012197
69043602
06985586
33189183
01094977
48345791
37716526
73172050
31071699
55995411
45087584
12001625
51708029
97434201
88381663
12681127
52533095
17816110
96463691
61334390
68885119
92179451
57166377
14025125
57151728
57490463
47161525
26845042
70662406
15061939
78000236
35297435
47797941
96025110
69864491
51450857
13404948
89648512
26606825
41786907
29692969
84180012
37627199
35508564
99523365
33424666
55876396
57918247
07313156
95926494
70765885
95552932
51113065
03405345
08731671
41984361
16510388
01467785
45419977
65248071
80032414
71997820
85372991
60479377
28868166
40318185
20259106
88915112
97903507
74012537
92781426
27779660
30758352
45232665
52825410
29938488
78016186
60219444
39877742
05862216
78516460
58188695
42755407
74546971
70452757
33262377
00709207
70027769
18681862
29102409
30944690
68640859
97344809
07899390
26714675
26808196
80192516
13555800
75190612
10488963
25734126
11501458
81443703
43067155
74138885
54562012
32442683
75269549
35933665
95458379
29792597
45461346
09388316
98010723
36297727
33746063
79244613
97762845
48966677
03920193
97814004
39300724
65213842
62764941
47776377
24753359
79528952
11528854
92255197
49762819
38129745
76989068
70112993
53161257
80325478
03425762
45622478
34298222
66840761
01016630
11618547
82029951
87458917
94997653
38983653
93115769
24761180
25332005
82399349
06215931
23175530
92165753
29349968
67105632
81741562
69585918
33572785
44077863
79037420
31181857
54565912
72061301
32142076
09455037
72559052
50598850
57875655
27671481
77808073
51781405
45169730
99342594
74095252
16816100
27861320
56888025
55599589
35409882
16361920
26151403
26693577
78439009
69126540
62853589
06972861
61508714
18676710
56405586
42501394
80533902
26609067
08715412
90498962
24489324
95895345
13512121
86642897
05662235
89418594
49009596
45920386
88259058
71189779
41551719
75118838
73429128
74548210
06808971
68731408
08439862
48873368
22725339
73167877
16718893
87978396
57310461
09023647
91129432
64442617
35485338
90079496
92690656
95169907
29852594
76933383
56270413
14636178
50489246
60064885
26829778
54776239
80893899
22542599
81269805
34904427
63406612
71470995
86894255
30727609
43735324
51316550
09595754
30233320
79361196
72180323
28383779
41697460
28097877
85431157
31207156
21551941
34348743
43429600
10380295
16937648
71858531
26227792
69051641
57949408
82902457
98479046
84597571
67614582
84929586
18046441
98918434
36984064
33078772
18953454
57409895
00443603
63662812
84782260
09003717
50509907
96731676
81698453
15849469
48808404
35176059
96572793
87848269
53667945
11340987
51835213
99864583
61980504
88480953
20522778
19182978
78508739
56617106
16232041
75705952
93106945
02169815
69261418
17846224
61721373
45165077
79736810
00204240
48964074
55018167
67128125
26246615
46828709
16359488
00764314
85282913
26057258
92917276
16383873
23049727
36956415
12942559
67669325
91968622
73278859
69787460
68055395
68161991
81939068
15911027
49930592
38004576
08209204
68115796
31745141
40578243
61381596
31878500
35433951
18833848
83595882
78339337
79943475
88178201
52810501
67757820
77629066
25534721
58643146
49684284
73854811
57649023
46020036
39029100
28913394
79202776
58456239
53921488
48729348
58599401
40638309
23660070
81703351
96090937
13547359
22949809
91553512
65475630
82922680
84848840
58160217
77622513
55614453
22861820
68993133
25098723
60338705
49380102
39675030
99779051
18226990
79129086
04689377
17206705
35179942
84261894
58325302
09108132
81602998
98166163
02482900
01674214
61823637
96099302
35341310
51149412
04631914
66395468
44291803
70805465
74182229
98577763
35081042
66073932
17756793
48212320
53952304
81084728
92240141
62980798
84191392
04839129
57297170
04020472
26174674
46425848
15605964
27549288
48351296
61470645
84795652
23216566
79598173
05099135
44082302
30118547
93788943
44783251
64855895
17783156
74057018
59553016
15241750
70784646
37862981
95826766
47319582
69392778
54576472
02910268
88644788
31732933
09220448
26584039
59004520
17981250
65309010
22509974
82114451
62382233
39114617
68596745
34701141
53839188
91645912
10684504
25979639
00009672
09531544
21192024
19390792
51421467
45735225
86883442
79827953
44855000
56141447
63587061
29468176
15403645
89380518
44059836
72312902
35796433
78936542
52122887
99836890
66220950
25236116
12170070
78824573
00482273
61248887
40856436
85229089
76071025
35700556
42905490
28938524
51928549
85819863
43460681
04414529
93613382
25751743
21558669
62480381
74403927
71625646
42138419
28341546
51418891
52725047
41889539
32538528
36288689
37355230
47083332
76139436
37817324
96480192
58159398
17671981
09448629
33236018
60738842
20257220
47201041
13234465
91937429
61449670
35890326
91826476
54885360
54108002
57886039
90071116
50266618
00420862
08510034
13580988
13523872
34561191
62972922
69389547
41501157
88482762
62806723
82665228
01033688
10766488
60756928
79103214
