0729
2592
2592
1728
0768
0006
0500
0040
6075
2025
0405
0075
0784
0448
8100
7290
3600
1200
0567
0441
0011
9072
4704
3024
5632
2197
0176
3993
3267
1089
0363
5145
0104
0104
0026
9504
5808
3564
0039
4913
1680
1050
9317
3520
1872
1625
0936
0702
0550
0539
9826
9248
8704
4312
2464
2156
6237
3630
2079
2079
4732
2448
0513
9750
7800
7371
5082
2695
0023
4250
4104
2890
1700
0340
0143
3822
7220
2288
0621
0476
0238
9180
9100
0429
3724
3174
1862
5700
4165
2850
4114
2730
1127
6171
5720
5586
1725
0031
5355
4508
4508
0261
3968
2760
2244
1122
8352
4698
4290
0988
0725
1932
8415
6877
6877
6696
5952
5800
2320
1674
0203
3915
1463
2842
2415
1240
0812
9880
9880
5481
3036
2368
0969
0465
0111
7176
4872
4650
3876
2790
5328
2664
1564
9114
8120
8120
1849
1312
0656
0656
0328
3393
1376
1311
8856
8856
8151
6783
5125
3255
1612
1161
9048
7820
6138
4524
4092
4092
1705
0777
8959
4785
2050
2387
1479
0752
9570
4216
3440
7749
6150
6150
5278
4743
3225
1581
8428
7696
7614
1128
6888
6324
5301
4930
3306
1767
1722
2668
0713
2870
1505
0559
0477
7714
7050
5890
8835
5088
4515
0697
9594
6409
9030
0530
9338
3776
2795
1551
0236
7192
7192
4888
4779
6622
5590
6372
4248
1634
1062
0549
0183
5170
6588
2360
1525
1464
1166
1098
6110
5453
5247
2829
2829
5782
3572
8978
8850
5658
0915
0134
6832
3416
2294
0603
6721
5934
5041
4134
4081
3843
3843
2478
1830
9648
5192
1675
8260
5841
4823
4544
5751
2684
1340
1333
9646
8789
8029
3813
2301
2013
1005
0292
5332
5332
3834
7137
5035
3999
5452
3479
1457
1420
7049
3657
1065
3976
1988
1591
6633
6390
5551
4260
3285
7154
2044
1537
8742
3685
2485
7584
6148
4266
1896
1896
0948
7847
5226
2343
1328
0166
1606
9222
5110
4929
3417
3796
1106
9858
8815
4977
4818
4740
3422
1660
7973
5133
5133
3318
1245
2403
1027
9635
6035
5883
5307
5229
0534
9805
8094
5214
7304
8690
5135
2492
2257
9798
6208
2419
6715
0808
8181
8181
8343
5432
0606
0505
0107
8080
7636
2575
2472
2291
1854
5727
3424
1515
1515
0109
9164
4268
2889
8829
5136
5044
1442
3149
1313
1133
4360
8175
7719
7210
3939
2678
5162
1919
1199
9215
7490
5253
5253
1819
9595
8239
4972
3638
7738
7426
5626
3649
7345
9144
4572
4307
0635
5974
9605
9605
9525
5715
4716
3737
8768
4819
3668
1834
1651
8890
0278
7398
4717
5480
2882
2882
7006
2227
2227
4170
1781
1529
4865
5364
5364
4633
3614
3775
9718
7399
4470
0314
8456
4228
6258
6644
6394
9834
9591
6313
3926
9685
7031
9018
8618
6012
6012
5371
4082
6893
3473
3340
5705
1384
9352
4238
5845
8051
5977
9362
6439
4296
6533
8055
8055
2506
5882
9845
1146
8201
4632
3077
3152
6802
3439
1773
0398
7092
2364
1182
6179
4246
2985
6847
3247
6401
9741
6501
8756
0422
4393
1055
1477
7339
4531
2321
6963
0446
5486
0229
2230
0681
9487
4086
4853
4853
9366
9706
3435
3206
9988
5038
0482
9353
8676
5784
2390
7922
5267
5258
3107
1506
8251
7530
5271
7196
6526
6312
2630
0271
7263
2168
7317
4883
3419
1626
4035
8917
8130
3497
3324
8877
1939
1939
8943
8943
4215
6094
5149
5149
7911
7306
7358
7358
7358
7358
9554
6153
6446
9962
4976
5008
5634
1565
1268
6260
2853
6842
6340
3487
5909
5321
5296
9703
9703
2776
0698
0353
3817
4511
9693
2513
5026
5026
8808
0373
7707
0379
8074
3730
3032
6239
8441
5745
4213
1945
1588
1588
5057
2406
6749
2454
9131
3771
6315
9407
9218
8660
6495
5603
2634
9526
4390
3987
5759
0463
7633
8531
7005
6071
6071
3896
1948
3409
8838
4491
9054
6986
5489
5030
5599
2605
9414
5210
7294
2164
6492
8752
4376
7574
9846
3282
1126
7319
3983
9232
2308
7994
3462
4039
4039
9392
0599
3606
8985
8985
9015
9105
8498
4936
1238
3714
3095
6787
5048
3155
5769
5769
1923
1286
3215
6470
8411
6530
6530
4571
1977
7183
7183
3385
6770
6910
6910
4837
2804
1402
1402
5752
2876
1438
9217
8628
1466
9451
2217
1502
1502
4542
1546
5411
0787
3148
1574
7083
7870
3188
8090
5677
9876
5747
9031
7551
7551
3412
0857
5118
1714
5142
6904
8590
6041
7893
4385
9757
1822
1822
6349
9110
6377
0919
7496
7496
4855
3908
9770
5898
6881
5946
8973
9970
5045
1019
8168
5105
2078
3117
5195
7273
8408
3153
3153
7357
1061
1063
5305
5315
3261
4372
5455
7679
2206
6618
8872
9032
9032
3387
4604
4684
3579
7338
6155
1237
4948
1249
3831
3837
5132
3849
9023
6515
1321
9233
5308
1373
9611
4197
4197
9793
8454
1423
5716
8562
7135
7295
4413
2966
2974
4461
7435
1523
3046
3046
4659
4803
4821
4821
3238
3242
6508
1663
1663
3334
5007
1699
7036
1787
7156
8935
7204
3602
1847
1867
3746
9355
5619
3778
5721
9655
3898
7804
9895
3974
8396
2111
2129
8516
6393
8548
4282
4282
4286
6729
6861
4666
9356
9388
9404
4714
7113
7143
9556
2417
4834
2447
4918
2473
2477
9908
5042
2591
2591
2593
2621
7941
5354
2833
2861
8691
5806
2963
3019
3023
9183
9201
3079
9609
6434
6502
6502
6518
3301
3301
9969
3343
6694
6742
3499
3529
3533
7066
7066
7186
7214
3623
3677
3691
3691
7466
7466
3761
3889
3907
7822
3929
7894
8146
4127
4201
8818
4451
4493
9134
4603
9458
4733
9502
9578
4793
9602
9874
9902
4967
5077
5087
5107
5119
5387
5399
5407
5483
5521
5749
5779
5791
5987
6113
6133
6151
6269
6299
6311
6491
6551
6551
6571
6619
6691
6709
6737
6791
6833
7079
7109
7459
7639
7669
7699
7757
8017
8059
8069
8087
8087
8287
8297
8363
8501
8821
8837
8923
8941
9001
9007
9221
9277
9391
9629
9743
9743
9767
9817
9907
