3340
1822
4312
7135
5890
5784
5035
0729
7496
4542
6179
1529
5521
7994
7294
2664
3334
0534
8181
5229
7893
1019
4743
2506
2668
2477
4732
2870
6315
9556
0422
0446
9962
3324
6861
9221
7304
4531
7338
3225
6094
9388
8396
2360
4250
5038
9591
4603
7192
3462
7066
0166
9100
2044
5267
2464
8411
2419
3301
9635
7358
9693
5432
0988
9743
7290
5977
7113
0681
9180
5210
2227
1065
9798
2592
4127
8837
8168
1565
1128
0752
9218
9356
0777
9391
1680
7371
4740
2630
6749
3393
0549
1477
3929
1438
4082
8742
4413
6551
2790
2217
5934
4376
4216
6155
0031
5882
5883
2593
9767
4035
0915
3247
7847
2308
8985
6171
6502
3691
5107
8454
3724
7633
3267
4213
8985
3174
2415
9458
7574
5301
7176
0969
3046
8146
4733
8501
5048
2833
4511
7973
1588
7183
4972
6742
9338
5007
8130
8441
3834
0812
2291
9826
7186
3242
4604
9629
3843
9007
9817
2861
9605
2230
3843
1061
1005
8531
6633
0482
4215
2492
1122
0176
6349
3623
8704
0398
8618
4930
9032
7714
7669
7143
6041
1515
8768
4470
6877
6208
8090
2730
0725
9404
1333
2592
9858
2804
7636
8055
9201
5135
4114
8059
3487
8087
6770
9232
5030
5745
6237
4918
7006
6729
6588
7679
0603
1830
3638
4967
3024
0768
4684
1872
8251
7079
2164
9578
8752
7092
4039
1515
7357
3926
6618
5328
3479
5136
6470
3440
8151
8287
0229
9770
9054
9969
2320
3077
3282
4650
7749
0006
1062
2079
5632
3079
9023
3385
2227
5752
9874
5486
8676
1725
9703
1574
5626
8818
8297
9317
1854
6551
7358
1581
1939
1523
1626
4853
4913
2294
6619
3849
1106
6409
7183
3600
4888
3822
8872
8456
1919
1423
3649
0363
7398
5700
1564
3993
3657
2605
6696
7757
4793
6150
2448
9134
8877
7210
2343
2760
6508
5677
8343
5399
6394
5214
4704
1551
9907
2591
7358
3499
8821
6721
1896
9706
6151
5082
1773
4286
3630
6571
3417
6842
8808
2966
2156
0143
5481
7426
0314
6313
0599
5387
3148
1537
7049
3416
5483
1834
1923
4493
7263
1376
1027
5105
8959
5133
4803
2206
0787
9032
3730
3775
2111
3796
6260
7196
8239
1479
1098
5658
4508
3817
9001
9105
5045
1311
5296
3876
0373
9502
4717
1651
4872
5026
0948
5751
5271
3983
0107
6715
2288
1420
0104
5332
5747
1932
4086
8829
3677
2985
8181
6439
2417
2829
8363
2364
9970
5321
9655
8175
3974
6518
1505
8562
5041
8941
4296
5088
1182
5800
7214
4260
9902
0328
6515
6787
8856
3343
6393
1402
7306
6324
1847
4372
3778
2478
8978
7031
6138
4632
8201
3306
9703
8973
8408
9352
6963
7551
8548
0530
9277
0261
6401
6881
2368
9233
0292
1126
0539
0500
3206
2078
2695
7719
9609
4524
9805
8923
3776
5307
3761
0559
9594
4092
2454
4837
4544
2974
6012
1663
3939
7358
2079
6258
7319
5087
3579
2963
2390
9414
0203
3746
4290
6802
1591
0635
7036
4714
5253
5247
0476
7050
6910
5315
3285
6791
0134
8835
9392
2634
2013
5195
2850
5364
1457
0784
4823
3896
3614
6071
5149
9525
5371
3046
6012
3737
1199
0353
3564
5133
3987
3915
1384
0808
3261
2129
7466
9526
2575
5453
8087
4165
3837
4865
2321
7639
3908
1245
0040
5619
4238
2678
9353
3968
5162
7822
4385
5132
9605
4104
3889
0656
6644
4818
7137
1166
7273
0278
8690
4515
9366
1862
6340
9757
5355
3606
3036
5769
3419
0702
3215
1328
7530
1767
3999
3424
8943
0936
1612
7005
0513
6533
4092
0448
0713
1237
5974
9895
9015
4819
5305
9407
2795
5769
0023
3152
7459
3714
1674
5721
6694
9793
7870
6239
9611
1714
9834
6390
7083
5489
8080
0550
7220
3497
6877
5898
6783
6491
8856
9718
6530
7911
9110
2301
3149
3813
4659
0697
1588
3032
5779
0919
7614
1849
7339
4081
1988
6910
4461
3685
2853
1867
6622
5044
3473
7551
7192
2257
6832
3153
0505
0477
5806
4228
9595
0238
8660
4246
5308
9164
2842
4936
3831
2244
5909
6148
0379
8074
1822
3439
6071
5008
9048
7466
6893
8943
1819
9554
8850
5946
1977
1660
4170
5026
7738
3520
8789
3019
0271
5759
5727
4393
5480
1373
9741
5364
5634
9685
5590
6372
8498
8756
6113
1089
1463
6153
7204
9131
8935
3155
2472
5720
1464
3422
2403
7156
9114
4698
3238
3533
1948
9880
3188
1313
5603
9215
6502
8100
6434
1606
1722
5452
4821
9248
8094
4197
7399
5077
8120
5845
1700
2829
2621
9504
7696
6847
7699
9988
6035
6446
7707
1896
9648
0104
5354
9030
8352
3907
9845
4282
3412
1146
7922
7804
8516
1466
5407
9908
0405
0441
0567
6530
7345
4307
8590
6737
9362
5782
6833
4571
7109
5226
1502
5057
9487
5192
8917
1945
5455
8017
9570
4853
5705
3435
4039
1161
3023
1546
8051
9031
2876
1634
6269
8055
1133
6311
7490
4248
8691
1050
0026
3976
7154
5149
4976
4666
6492
0039
4268
4572
8069
7894
5808
1055
5258
2882
7820
3117
4266
0621
4855
3301
9355
1249
5551
2485
1286
0183
3255
0656
6299
9876
1442
1502
2513
3898
5841
0340
1787
6075
0011
9750
2890
5987
2889
0111
8415
4883
4134
2387
5332
0075
1312
2447
4451
7496
6150
3153
9880
9846
3409
4282
8260
6691
2168
1240
4360
8428
1238
2882
8815
9222
8890
5952
3387
7295
8120
4633
9018
0429
3668
6312
5118
2473
4785
3572
1705
4197
2591
8628
0606
1321
6709
1063
4821
2776
5278
2025
0465
9144
1675
4929
5142
6495
9072
6501
2197
6904
3602
0698
5586
3318
9183
0109
4977
4834
5791
3771
6526
7317
2050
3107
1699
5599
5411
4508
7584
1200
1625
5170
8029
9743
4201
8838
1663
1268
1127
5253
3095
1781
6110
9646
3691
6133
4390
6888
5119
9217
9451
5716
6377
1402
5125
5715
1728
5749
0463
4716
1525
2684
5042
7066
2406
1506
1939
7800
0236
3529
7435
4779
7941
9602
5110
6986
4491
5145
0857
1340
4948
