33401
82243
12713
55890
57845
03507
29749
64542
61791
52955
21799
47294
26643
33405
34818
15229
78931
01947
43250
62668
24774
73228
70631
59556
04220
44699
62332
46861
92217
30445
31733
83225
60949
38883
96236
04250
50389
59146
03719
23462
70660
16691
00204
45267
24648
41124
19330
19635
73589
69354
32098
89743
72905
97771
13068
19180
52102
22710
65979
82592
41278
83781
68156
51128
07529
21893
56077
79391
16807
37147
40263
06749
33930
54914
77392
91438
40828
74244
13655
12790
22175
93443
76421
66155
00315
88258
83259
39767
40350
91532
47784
72308
89856
17165
02369
15107
84543
72476
33326
74213
89853
17424
15945
87574
53017
17609
69304
68146
47338
50150
48283
34511
79731
58871
83497
26742
93385
00781
30844
13834
08122
29198
26718
63242
46049
62938
43900
79817
28619
60522
30384
31061
10058
53166
33048
24215
24921
12201
76634
93623
87040
39886
18493
09032
77147
66971
43604
11515
87684
47068
77620
88090
27300
72594
04133
32592
98582
80476
36805
59201
51354
11480
59348
78087
67709
23250
30574
56237
49187
00667
29658
87679
06031
83036
38496
73024
07684
68418
72825
17079
21649
57887
52709
24039
15157
35739
26661
85328
34795
13664
70344
08151
82870
22997
70905
49969
23203
07732
82465
07749
00061
06220
79563
23079
90233
38522
27575
29874
54868
67617
25970
31574
56268
81882
97931
71854
65517
35815
81193
91523
16264
85349
13229
46619
38491
10664
09718
33600
48883
82288
72845
61919
14233
64903
63739
85700
15643
99336
57260
56696
77574
79361
50244
89134
88777
21023
43276
06508
56778
34353
99639
45214
47041
55199
07259
17358
34998
82167
21189
69706
61515
08217
73428
63630
65713
41768
42880
82966
21560
14354
81742
60314
63130
59953
87314
81537
70493
41654
83183
41923
44937
26313
76102
75105
89595
13348
03220
60787
90323
73037
75211
13796
62607
19682
39147
91098
56584
50838
17900
19105
50451
31152
96387
60373
95024
71716
51487
25026
09485
75152
71398
30107
67152
28814
20010
45332
57471
93240
86882
93677
29858
18164
39241
72829
83632
36499
70532
19655
81753
97465
18150
58562
50418
94142
96508
81182
58007
21442
60990
20328
65156
78788
56334
36393
14027
30663
24184
74372
37782
47889
78703
16138
46328
20133
06970
38973
84089
35269
63755
18548
05309
27702
61640
16881
23689
23302
92112
60539
05003
20620
78269
57719
96094
52498
05892
33776
53073
76105
59959
44092
24544
83745
44297
46012
16633
93973
58207
96258
73195
08735
79296
32390
94140
20337
46429
06802
15910
63570
36471
45253
52470
47670
50691
05315
32856
79101
34883
59392
26342
01351
95285
05364
14570
78448
23389
63614
60715
14995
25537
13046
60123
73711
99035
33564
51333
98739
15138
40808
32612
12974
66952
62575
54538
08741
65383
74865
23217
63939
08124
50040
56194
23826
78935
33968
51627
82243
85513
29605
41043
88906
56664
44818
71371
16672
73027
88690
45159
36618
62634
09757
53553
60630
36576
93419
07023
21513
28753
01767
39993
42489
43093
61612
70050
51365
33409
20448
07131
23759
74989
59015
48195
30594
07279
55769
00233
15274
59371
41674
57216
69497
93787
06239
96111
71498
34639
07083
54898
08005
50722
03497
68775
89867
83649
18856
97186
53079
11911
02301
31493
81346
59069
71588
30325
77909
19761
41849
73394
08119
88691
04461
36852
85318
67662
25044
34737
55171
92225
76832
31530
50504
77580
64228
95950
23886
60424
65308
91642
84249
36383
12244
59096
14803
79807
41822
34396
07150
08904
87466
68938
94318
19955
48850
59461
97716
60417
05026
77383
52087
89301
90271
57595
72743
93548
01373
97415
36456
34968
55590
63728
49887
56611
31089
14636
15372
04913
18935
31552
47257
20146
43422
24037
15691
14469
83238
35331
94898
80318
81313
56039
21565
02810
06434
16061
72254
52482
19248
80944
19773
99507
78120
58451
70028
29262
19504
76966
84776
99998
86035
64467
70718
96964
80104
53549
03083
52390
79845
42823
41211
46792
27804
85161
46654
07990
80405
04410
56765
30734
54307
85906
73793
62578
26833
45717
10952
26150
25057
94875
19289
17194
55455
80179
57048
53570
53435
40391
16130
23154
68051
90312
87616
34626
98055
11336
31174
90424
88691
10500
02639
76715
45149
49764
66664
92003
94268
45728
06978
94580
81055
52582
88278
20311
74266
06214
85533
01935
51249
55512
48512
86018
33255
06566
29998
76144
21502
25133
89858
41034
01787
60750
01197
50289
05987
28890
11184
15488
34134
23875
33200
75131
22447
44517
49661
50315
39880
98463
40942
82826
06691
21681
24043
60842
81238
28828
81592
22889
05952
33877
29581
20463
39018
04293
66863
12511
82473
47853
57217
05419
72591
86280
60613
21670
91063
48212
77652
78202
50465
91441
67549
29514
26495
90726
50121
97690
43602
06985
58633
18918
30109
49774
83457
91377
16526
73172
05031
07169
95599
54114
50875
84120
01625
51708
02997
43420
18838
16631
26811
27525
33095
17816
11096
46369
16133
43906
88851
19921
79451
57166
37714
02512
55715
17285
74904
63471
61525
26845
04270
66240
61506
19397
80002
36352
97435
47797
94196
02511
06986
44915
14508
57134
04948
89648
51226
60682
54178
69072
96929
69841
80012
37627
19935
50856
49952
33653
34246
66558
76396
57918
24707
31315
69592
64947
07658
85955
52932
51113
06503
40534
50873
16714
19843
61165
10388
01467
78545
41997
76524
80718
00324
14719
97820
85372
99160
47937
72886
81664
03181
85202
59106
88915
11297
90350
77401
25379
27814
26277
79660
30758
35245
23266
55282
54102
99384
88780
16186
60219
44439
87774
20586
22167
85164
60581
88695
42755
40774
54697
17045
27573
32623
77007
09207
70027
76918
68186
22910
24093
09446
90686
40859
97344
80907
89939
02671
46752
68081
96801
92516
13555
80075
19061
21048
89632
57341
26115
01458
81443
70343
06715
57413
88855
45620
12324
42683
75269
54935
93366
59545
83792
97925
97454
61346
09388
31698
01072
33629
77273
37460
63792
44613
97762
84548
96667
70392
01939
78140
04393
00724
65213
84262
76494
14777
63772
47533
59795
28952
11528
85492
25519
74976
28193
81297
45769
89068
70112
99353
16125
78032
54780
34257
62456
22478
34298
22266
84076
10101
66301
16185
47820
29951
87458
91794
99765
33898
36539
31157
69247
61180
25332
00582
39934
90621
59312
31755
30921
65753
29349
96867
10563
28174
15626
95859
18335
72785
44077
86379
03742
03118
18575
45659
12720
61301
32142
07609
45503
77255
90525
05988
50578
75655
27671
48177
80807
35178
14054
51697
30993
42594
74095
25216
81610
02786
13205
68880
25555
99589
35409
88216
36192
02615
14032
66935
77784
39009
69126
54062
85358
90697
28616
15087
14186
76710
56405
58642
50139
48053
39022
66090
67087
15412
90498
96224
48932
49589
53451
35121
21866
42897
05662
23589
41859
44900
95964
59203
86882
59058
71189
77941
55171
97511
88387
34291
28745
48210
06808
97168
73140
80843
98624
88733
68227
25339
73167
87716
71889
38797
83965
73104
61090
23647
91129
43264
44261
73548
53389
00794
96926
90656
95169
90729
85259
47693
33835
62704
13146
36178
50489
24660
06488
52682
97785
47762
39808
93899
22542
59981
26980
53490
44276
34066
12714
70995
86894
25530
72760
94373
53245
13165
50095
95754
30233
32079
36119
67218
03232
83837
79416
97460
28097
87785
43115
73120
71562
15519
41343
48743
43429
60010
38029
51693
76487
18585
31262
27792
69051
64157
94940
88290
24579
84790
46845
97571
67614
58284
92958
61804
64419
89184
34369
84064
33078
77218
95345
45740
98950
04436
03636
62812
84782
26009
00371
75050
99079
67316
76816
98453
15849
46948
80840
43517
60599
65727
93878
48269
53667
94511
34098
75183
52139
98645
83619
80504
88480
95320
52277
81918
29787
85087
39566
17106
16232
04175
70595
29310
69450
21698
15692
61418
17846
22461
72137
34516
50777
97368
10002
04240
48964
07455
01816
76712
81252
62466
15468
28709
16359
48800
76431
48528
29132
60572
58929
17276
16383
87323
04972
73695
64151
29425
59676
69325
91968
62273
27885
96978
74606
80553
95681
61991
81939
06815
91102
74993
05923
80045
76082
09204
68115
79631
74514
14057
82436
13815
96318
78500
35433
95118
83384
88359
58827
83393
37799
43475
88178
20152
81050
16775
78207
76290
66255
34721
58643
14649
68428
47385
48115
76490
23460
20036
39029
10028
91339
47920
27765
84562
39539
21488
48729
34858
59940
14063
83092
36600
70817
03351
96090
93713
54735
92294
98099
15535
12654
75630
82922
68084
84884
05816
02177
76225
13556
14453
22861
82068
99313
32509
87236
03387
05493
80102
39675
03099
77905
11822
69907
91290
86046
89377
17206
70535
17994
28426
18945
83253
02091
08132
81602
99898
16616
30248
29000
16742
14618
23637
96099
30235
34131
05114
94120
46319
14663
95468
44291
80370
80546
57418
22299
85777
63350
81042
66073
93217
75679
34821
23205
39523
04810
84728
92240
14162
98079
88419
13920
48391
29572
97170
04020
47226
17467
44642
58481
56059
64275
49288
48351
29661
47064
58479
56522
32165
66795
98173
05099
13544
08230
23011
85479
37889
43447
83251
64855
89517
78315
67405
70185
95530
16152
41750
70784
64637
86298
19582
67664
73195
82693
92778
54576
47202
91026
88864
47883
17329
33092
20448
26584
03959
00452
01798
12506
53090
10225
09974
82114
45162
38223
33911
46176
85967
45347
01141
53839
18891
64591
21068
45042
59796
39000
09672
09531
54421
19202
41939
07925
14214
67457
35225
86883
44279
82795
34485
50005
61414
47635
87061
29468
17615
40364
58938
05184
40598
36723
12902
35796
43378
93654
25212
28879
98368
90662
20950
25236
11612
17007
07882
45730
04822
73612
48887
40856
43685
22908
97607
10253
57005
56429
05490
28938
52451
92854
98581
98634
34606
81044
14529
93613
38225
75174
32155
86696
24803
81744
03927
71625
64642
13841
92834
15465
14188
91527
25047
41889
53932
53852
83628
86893
73552
30470
83332
76139
43637
81732
49648
01925
81593
98176
71981
09448
62933
23601
86073
88422
02572
20472
01041
13234
46591
93742
96144
96703
58903
26918
26476
54885
36054
10800
25788
60399
00711
16502
66618
00420
86208
51003
41358
09881
35238
72345
61191
62972
92269
38954
74150
11578
84827
62628
06723
82665
22801
03368
81076
64886
07569
28791
03214
28534
01467
38328
10823
76568
80089
24722
14543
37069
94527
74266
02376
16096
71909
06928
80181
02993
43572
40143
09597
33650
70237
63530
96596
68899
26119
25282
50940
58991
28213
98361
63467
40996
89090
60621
38260
76907
25924
99208
35087
34380
16745
07774
58597
77467
95565
54781
15138
15633
97459
97446
65811
21537
28048
16791
35440
78532
91233
31401
73079
46671
21041
28652
43838
32883
79679
49921
87428
01072
42450
35519
03564
98969
93673
48600
10856
62961
45678
36190
07939
46435
61571
82642
61754
79012
48914
02964
15620
95110
14226
16520
36895
27454
68573
91558
70615
89399
56858
91512
28775
87341
80491
48508
99245
31516
78410
53303
24076
29673
57021
12409
22170
57513
14789
17821
54286
24235
49529
65129
87928
06952
68038
64474
96928
38189
17201
06397
04707
03071
41215
06897
48614
41561
75699
96035
70365
21374
89813
32277
70834
82488
99053
40942
58881
32045
85490
20058
55828
34941
99205
40168
72780
80014
12940
01836
74546
39029
10325
45115
72235
31626
14057
30603
80789
92424
10696
99356
05448
73545
05607
47841
51059
99898
78128
02393
51557
18536
75707
66059
04092
70875
64666
45323
13494
72050
05506
71493
06769
88431
92827
61379
05795
87058
94660
04028
15108
90782
51288
27960
48548
07317
63605
88970
24990
36694
44320
49181
55470
78876
16143
36323
05358
80651
64169
51384
78638
23745
66809
27935
53212
65829
35463
06581
29576
82361
08388
31415
47418
26809
22423
83590
38670
22425
26808
08739
37323
55993
33831
12516
51627
41911
89021
18125
72637
08522
01208
46192
01486
62857
27380
56229
60550
82620
63467
62643
90943
74873
56932
86475
79395
09931
38994
48250
26173
69805
97911
29087
19563
66411
67363
23514
75053
50249
70180
58651
72072
34241
54760
29585
50329
14724
41392
26462
74130
70765
58461
82357
37534
86118
44199
58887
42256
09048
89155
49245
84497
72862
22404
89838
63338
99637
58458
28022
64244
79445
09536
80916
37409
68168
17767
25989
14142
40273
51604
32283
16591
52666
13029
77537
35475
84503
45076
88402
20215
82760
36869
32937
58029
90556
90036
94847
08416
68828
55360
36933
24755
23733
66466
09681
39834
76822
54857
48380
04183
97370
41263
80033
94685
24020
28121
20985
21669
35031
59448
25111
42634
62371
78828
05203
92994
97527
28733
39117
03480
99476
60024
40509
99580
68921
17036
28703
45212
26592
33059
15164
59202
59237
98338
42878
68822
82299
21203
79712
40571
40459
69218
92672
29926
73830
55533
71659
32210
68005
37135
73327
32093
21726
05963
61123
56446
25002
43682
27611
54595
66446
04845
86502
29461
53792
00962
31581
43883
58996
56331
84288
75975
44358
14645
36704
55152
19537
41120
17290
35743
22938
24739
72492
73325
05005
98273
49175
47482
20450
44187
03699
47916
38899
01294
41214
96828
83378
32028
12181
96858
83033
95475
01335
63422
48389
62600
60006
21868
82378
13106
83759
98578
88015
13265
51682
31016
55897
83909
72843
84336
48611
55997
14902
84243
34518
02923
89650
56477
26616
64719
25579
84515
17984
15294
54452
20248
09155
94424
28735
34944
01906
83984
65162
59658
45345
67581
56118
84489
14453
73085
29545
55308
45814
73864
34554
10742
78623
88242
27504
56093
64089
98582
66336
00747
30563
61934
49428
92362
90918
23665
69430
60997
27210
73134
02999
33557
91824
97048
29005
64892
96248
82162
97400
46885
76455
28111
10901
54696
99699
21216
50230
14253
94371
63467
44128
32176
61723
53378
47831
10387
24115
14612
05639
24897
88868
77496
53417
31384
64138
26335
29010
15365
71334
86462
74056
24606
63212
49305
02387
64676
11851
57412
26241
10083
77726
49451
29798
43924
60703
32371
16202
90235
50781
24363
88339
47679
83827
11648
70878
44846
69417
69587
28400
44805
97850
81508
98643
00741
47002
74209
61514
03492
67928
61514
07109
09033
96734
88724
73575
04913
20654
72233
27783
19802
32980
34805
25561
05271
94972
83166
94860
28021
42831
63167
09807
24839
89415
33792
48845
90155
33733
53582
99269
12730
65186
85782
04204
69815
46156
23343
87808
59441
47862
70625
69018
31173
67248
03274
56986
07709
78922
80420
44499
17573
09339
69136
29090
90935
85206
26874
33970
80685
62545
12741
28278
66279
98582
66678
88476
52863
60927
95238
04512
54892
85954
46358
60908
46355
17619
33115
58745
92494
59333
82038
10739
35903
17971
97791
32482
32675
34481
61050
84459
94007
89759
87699
71918
61231
00059
76454
72037
43837
85500
94306
12643
52541
42744
33188
98909
41292
55984
83927
10240
28771
74952
75420
70894
57220
56506
10091
18750
17540
04322
66890
81774
14847
55615
69060
85872
34754
18017
23575
76227
24476
70397
20228
47106
89292
02801
76113
48162
94589
77123
86795
20040
44776
53278
85972
35578
63238
55288
01593
03673
66122
15821
91992
88591
03426
27561
86271
32591
45729
61217
13166
04333
97412
98510
74893
79659
27495
39526
23249
87510
57414
62806
34703
54106
73017
52631
32709
18662
85664
27653
70297
26202
71461
42291
08568
50138
89575
64728
11530
24012
27473
09816
05025
81611
97088
18201
42022
47128
34660
87083
44414
96025
84076
27258
22497
16843
54763
51928
19896
41986
60708
29836
28812
15975
65108
73624
55442
00389
20188
75445
35558
76839
69842
54982
65799
74553
16657
47800
84282
94155
60300
54492
26772
63763
05994
01081
78732
63828
27280
26066
00813
57642
22128
65865
49860
96953
79888
33376
33814
74080
23544
64711
91567
70119
33882
38790
06847
45387
98263
16956
57178
16802
43134
00003
87059
20843
49252
34063
93037
73068
41234
71738
31509
37749
49910
95468
17250
69445
95535
26432
68292
98767
54949
22093
54276
40731
83562
67803
78955
12539
91325
04255
37445
65930
33310
10176
27274
96495
05720
74018
83866
26369
77496
42924
36462
73370
76570
64667
39054
76629
36337
66927
54722
66437
04341
61922
38823
89836
21048
11105
31970
54638
64764
49803
89564
94887
08757
28821
26182
24689
02897
64329
32127
78202
43579
83460
19725
39649
51296
58181
44761
41495
27291
47342
25533
80462
57916
46319
18339
32480
17118
86479
54486
78680
19362
62585
47222
86970
28697
41508
02795
30869
35386
17013
71743
61094
10635
46287
81244
24887
54242
93164
04478
33950
40489
82314
07693
52886
21062
95959
73278
51530
17161
13634
09427
98703
48881
69081
30610
13682
79834
41523
37036
28193
57207
04365
06579
43529
10408
30448
66806
91848
74638
55618
98554
82544
34610
09993
96527
23360
55161
01764
52475
52342
03858
55913
36161
67247
92452
71726
79096
37773
67411
15382
54965
98249
49133
98569
87412
35773
76075
79060
69057
36738
95456
18092
43788
54442
20778
53063
91283
94032
17465
12600
72303
76362
65787
20600
87388
20104
37251
22828
32003
72804
33861
19496
47386
82250
40855
61635
53374
47937
12514
80504
27259
95186
21017
83984
74319
52285
16143
15533
38190
26769
31190
39031
39273
50686
11452
09276
34866
43691
03951
77059
94277
97953
63500
36355
93058
08830
32335
43423
11982
21693
54473
61568
93888
61900
72265
70274
50536
24516
59030
07973
53894
04265
11740
46805
14020
95906
41444
40108
11583
80372
71541
97508
60977
49720
17540
87881
59805
19601
97449
65008
63994
62072
80459
02581
02574
23882
67261
03758
40760
06836
50926
70317
14598
05664
75116
36485
10573
34633
03866
06832
70053
84572
73629
57495
43071
76584
22374
82883
94858
00873
46144
38275
29045
19687
37849
18890
24983
82518
94866
23049
26418
96153
98077
23055
15275
04454
32722
90353
74555
64595
95376
87838
20172
56970
99686
90680
96586
82216
57666
35762
90283
01114
55429
19157
22775
96309
20227
85291
52257
16000
73830
64126
27579
10646
41983
74310
59513
29508
47033
51051
55701
05845
94518
32211
51306
54443
80340
85673
04784
68362
14784
42954
67008
20657
34498
30240
90457
17037
08333
14451
84502
79468
49877
21244
02022
70042
63157
71229
48726
89202
35934
20542
19440
89564
18641
71123
21055
81256
16726
53912
90536
57873
72157
17842
31713
71238
90864
02998
71000
12757
69730
58767
46144
22006
98072
74795
76836
59585
82051
64449
66980
53577
88045
22012
77898
78371
07785
04244
55289
32639
97489
07334
14588
05514
18920
42661
52692
30837
23268
60815
53521
94886
02538
55881
85297
34865
89294
04431
46136
13188
09986
27240
11021
81889
56458
70250
88160
26918
90502
89734
32230
57993
95725
46136
77521
16660
39271
19418
68795
71406
55780
81427
55097
82547
29756
19258
31216
06133
18271
01486
77208
96743
30686
41573
29163
33610
11718
46668
63844
47882
04207
02781
32900
84126
23756
88574
78682
24972
50702
22809
67674
85853
65390
15109
01249
48136
15874
34623
81875
24032
11114
36951
95055
70381
41911
85273
43742
81495
72472
33240
81647
59840
57604
05546
46924
02512
06899
19960
13554
48413
99593
03959
65817
38705
21495
00970
84302
42672
61892
14164
10239
40326
10970
50765
91713
82948
17532
03958
67819
79320
18387
63161
93241
09777
76681
04677
48064
96610
05191
76138
93914
53783
98333
67059
15629
31358
73012
33285
23465
31063
33973
11322
61932
07536
13763
06331
36295
21448
91873
28973
43645
31051
12353
91299
51479
95114
58364
59714
68977
60814
08840
51330
74430
99749
08645
13593
03408
99675
74361
27244
85145
99287
37248
01944
97983
15388
55327
79773
72173
59006
44053
83159
31082
36730
38888
59394
50687
85369
94653
72294
49794
27658
48991
00215
73864
48272
08451
59372
87675
18275
90681
11333
24913
20211
35829
05028
26266
57970
68887
04971
23240
51362
01873
98222
27365
54371
40885
38304
65972
46227
75758
23424
23223
30902
54793
80687
12667
49211
27015
20595
30156
87027
93512
30210
23908
12434
53618
84691
05114
80894
07436
36571
36295
63445
40115
86113
88972
14944
90703
28037
29290
55172
09142
92620
53221
59624
42088
23508
33283
54487
72056
88061
54757
52720
20920
27752
60477
87076
15978
24026
44748
74730
82202
32557
05047
65529
76833
97811
96860
83333
43722
86326
71032
80404
12407
00523
94225
78722
16598
86765
91754
53160
73367
25156
57013
84242
49811
09662
89197
13939
21489
42630
51638
34307
29584
93956
59643
84408
85263
02268
45139
01897
71638
86336
75959
27555
19995
57272
41279
90128
89016
90664
66453
33803
91720
95776
29394
90924
38515
08943
88096
68867
33688
33823
34884
66059
87557
07703
89128
42449
18304
19601
79400
27772
54813
73158
00504
22471
81245
16438
35265
12519
46315
40568
10518
51390
28503
85702
90389
38390
57294
56477
21145
58049
63757
15154
59608
55315
14849
15135
83481
46186
42107
83175
90543
93086
69315
94978
31694
56105
25255
81187
38731
62531
18685
29065
82582
53953
27284
95344
84643
08934
67217
84618
65645
25364
08180
81046
79416
34179
54402
03824
20155
43940
97972
60073
54772
31410
46112
38656
15553
70111
62077
09013
35261
24200
94323
02319
89583
03314
11746
24488
87076
33393
58105
16596
28437
01726
06354
07753
28576
77851
57727
16356
44385
25857
67147
46125
99321
99493
15533
42878
21287
70346
74792
60632
62759
47454
37286
44240
79967
58391
00932
12138
24524
76883
36197
75726
63153
94423
43964
13172
42536
60327
04573
32175
31212
94378
90120
93394
58912
89085
78704
41164
20389
30177
36829
49665
39409
48846
40934
72358
00377
02267
48714
77935
93017
83593
92671
59060
97230
21168
82488
83770
27219
92522
09054
48034
57279
32898
14630
75363
49961
51315
26620
22904
18837
35343
49611
65118
56922
55738
01009
03992
93035
60104
71832
49264
32243
13410
90593
51836
77474
46799
50266
65215
43570
88087
96559
82974
68796
68149
88000
00808
62880
18867
82266
32432
66807
98939
87043
12915
80741
67257
16664
32643
14515
53101
75307
46900
55520
08657
09884
87943
76970
83587
47483
37734
89575
08324
12168
93858
05946
82102
39852
60584
32877
13125
94822
56303
17392
79121
51309
38981
91790
51496
02978
08741
83866
41089
12561
25433
34318
35605
33295
10423
90749
21971
12631
73334
31637
83995
55418
63930
58869
14460
58960
48906
69692
05716
53289
72427
21886
26236
11493
25429
00106
31798
77223
47349
67255
76604
28150
42118
46714
85112
54840
73334
42910
45987
06992
23637
27002
33074
73534
67440
98964
28476
43245
38730
70643
02108
08398
80954
49740
89465
18793
29980
80941
04350
22961
77948
76787
36267
99848
20890
37285
54157
58023
89414
85672
89704
42615
09710
85475
40793
85254
80516
46707
52017
23596
65153
91220
24798
22039
83219
15200
31513
63719
04191
70826
84728
51001
15135
77659
34221
23075
13485
53473
96458
45789
31526
04445
43929
27471
05486
29280
92311
53814
29247
07295
18824
47021
79220
68162
59605
68730
67332
88513
03420
42252
22456
67139
73145
44436
47606
86609
92667
54423
59926
74501
20005
30205
26835
72673
85269
77480
91368
94674
76606
55301
13831
52407
37044
78200
42183
55257
66704
69878
31703
14799
87731
31568
08982
75679
75559
63905
26207
26520
96862
36418
41250
37378
77828
93735
29434
79853
08753
90998
43466
24505
59330
30690
89958
15996
41915
06083
59499
81952
32734
02960
46089
83215
93510
10619
91176
73906
10108
62968
99842
16750
84227
55767
71561
12134
75240
77210
47785
62967
13827
23880
97310
91697
64735
48129
10991
01925
40100
55173
14019
60245
32873
91892
36470
36264
46803
03266
39970
81632
54697
91075
10932
36578
38269
17999
86446
42020
53225
54127
29740
06095
32172
57458
21213
47770
78416
21651
51144
47457
87488
63857
80412
21407
85904
00188
94134
89525
56872
44778
41495
13663
08158
12377
42390
89673
84886
95733
11982
84098
84774
64638
80249
70170
87638
91058
14051
22472
79521
53338
19271
96783
84195
40733
68704
95376
89349
79063
90930
91285
49967
62471
69635
96617
97962
96369
67329
54204
01105
38600
44120
76902
22458
44039
07007
37178
63761
80329
52854
37555
84137
05689
56859
51352
75690
05037
60263
27743
38822
44986
55446
24619
16329
29569
00259
36632
11054
68495
50243
08819
11879
38947
79048
84638
41810
94085
46281
23412
55776
20478
58042
25599
31321
03799
43820
34847
84525
25412
06678
85517
60503
24054
62168
73442
12774
39509
72432
02642
36182
24486
76695
64031
84178
14258
34515
19306
72041
68697
60656
17692
65402
75349
85699
10552
33432
35656
56038
34451
55576
60491
80253
88000
92767
50827
52271
55493
61435
45537
78856
15503
58984
14709
04516
13387
92671
88739
96186
35616
88051
64171
65488
74466
57043
90336
67779
57358
47637
16776
06022
02645
56806
49582
62048
70048
33054
58923
82175
40635
25009
78295
28255
59845
09045
15765
45922
02422
58818
53153
76937
30912
87633
37472
64457
23375
27658
41666
35556
89279
29106
28274
43354
33960
96872
20907
96747
61797
06760
90875
21070
71774
35191
52348
42863
20724
59795
28153
54819
75923
51003
04979
31911
42614
92355
93103
87869
17075
18052
32781
34994
58003
26460
72703
04320
26415
79392
88980
78285
23067
47367
24188
02748
07851
34521
72919
58308
57046
93786
15604
82169
51825
95625
72611
70288
01116
47043
98330
09542
84736
69822
75622
62035
33350
48465
54820
16000
23330
39964
30870
40615
46470
66053
28957
63966
91672
34404
11780
66708
24750
96684
19865
55092
77269
97665
02771
59965
31422
61879
93293
69719
23851
90941
17869
71617
91809
35287
28233
70286
65834
96918
89362
32454
09464
85127
37040
50690
50580
23323
56419
50719
23556
76101
41235
08777
91628
65639
54870
86533
83710
87272
72347
44223
19069
75970
17906
31640
48734
65116
20112
45387
03285
99005
38626
27048
32332
94502
63033
06620
88343
88867
25189
66831
40723
21573
38548
29644
98439
21835
22354
77753
65636
39636
05033
11841
69892
67077
50544
04882
76724
14529
28290
82134
80648
81658
21934
60564
74689
97782
30098
67183
44594
89899
99894
60624
77131
75606
10940
41844
70545
18107
05943
83208
61780
14569
15859
35961
98128
03145
18784
43287
13646
52624
31796
07471
07065
06903
06981
77813
12583
33720
53036
53517
13434
16590
01251
30431
50761
92955
95781
24389
94225
55166
66882
70532
54486
56417
68327
21999
25382
23055
40470
33577
53638
64911
31594
00322
24591
95176
04679
51233
79081
42042
80782
41654
26820
14182
59984
72296
98595
94356
35302
37299
70736
26639
68514
01653
17037
63376
74924
52607
95282
53542
99932
70031
23295
27736
67028
87417
84967
96849
18002
84895
43929
69999
07755
55719
42106
55662
36461
56801
05827
74623
99796
60885
56405
63374
42213
98816
22705
72683
50447
95726
68702
77525
95107
19141
79570
48575
81178
52383
69220
31159
99152
89404
73642
87607
29052
94070
16614
89893
95377
13533
99349
66371
55318
46447
41848
77629
58841
72637
98729
92879
28821
23821
13873
94854
61741
97793
13115
35281
49542
28028
93837
31209
68993
46561
31942
90445
42851
95719
17051
84068
76753
59853
32494
95928
97527
47339
99434
84115
64753
65496
93920
53926
20792
99339
29005
13652
66815
92952
43876
54283
16482
88692
80719
76101
95707
38816
34242
89406
36050
79543
27562
52914
80801
49763
16415
78381
62365
02151
22269
34932
21403
05903
79008
48973
02944
57390
70651
08230
76847
63289
12391
96611
14487
81792
32771
31315
17562
57403
23698
04869
02287
71958
81490
55139
18271
61928
20318
33150
80762
04724
03180
08208
57474
80943
58674
60259
19758
30494
23051
29897
12331
88797
24828
41166
43547
83110
92162
55468
21718
23046
76394
41361
72159
94168
08290
06252
84068
38307
70779
75607
67328
94102
37035
83893
18646
06605
01587
41468
91999
20047
93916
24442
47040
92778
20111
97346
89523
07084
04697
04314
59295
24228
54570
00238
80353
91697
96760
17654
13176
04653
30399
28554
60992
73103
62547
67202
14635
41438
68797
38741
22458
06112
29502
72437
52453
07868
13172
34740
03404
17242
97777
32831
80219
36165
54772
37741
57672
53416
14494
44188
72039
72197
10103
60658
65759
20744
52027
28021
21818
15574
51320
75783
39003
98535
20984
70105
05466
86387
66963
91246
71402
60451
00265
21185
95808
61469
44612
68140
51458
33522
14761
98437
36298
07171
22863
75831
90714
06661
70076
34237
09787
50498
04098
12470
84930
49290
95265
46739
27823
43900
08792
50271
57260
20905
09767
80593
66825
31079
90028
60353
32027
96424
60006
89048
05012
89421
30834
91088
10941
24652
46480
50961
96659
84993
51441
25508
03858
07444
09038
87866
81753
68731
49732
41270
38579
68512
55928
31435
72124
54048
13566
88304
33215
97140
05122
43933
80303
50364
99923
22819
71782
35728
84843
85190
61119
11325
45128
70089
37599
46617
90576
37335
89256
35473
48667
50996
78125
01131
98288
00266
88753
46177
96132
03011
38158
21750
86691
16407
74105
98971
05892
52570
53326
21733
57205
31280
43453
67389
40230
77763
76176
55055
51676
68845
38404
78216
05742
56154
97518
56624
82188
31575
92937
41445
13958
77371
67058
87576
87536
04853
29477
05741
74008
67056
90818
39041
51712
67032
41893
92214
49621
57511
10784
18024
25297
59994
38060
99897
10165
56102
00305
80867
26900
94739
09019
84522
69048
62666
24370
71225
02973
65290
34191
29841
80535
61333
51681
53985
29099
89024
62487
18376
55732
09515
04575
99295
83560
04913
10939
92945
43135
17689
67667
58623
55213
73181
34563
11542
70477
27250
72000
24918
81920
29419
90977
20019
25512
69725
16625
58311
67285
41776
44320
48472
29164
66757
60360
45449
76478
36099
83327
55038
37426
07411
08456
91856
71120
11869
57101
27570
39771
26253
05551
46658
67384
51498
11595
37860
92761
67304
61570
94619
78993
36226
57309
60415
98889
08273
38723
47599
84231
35876
86834
01821
88862
94424
66226
56112
65442
36532
07953
82315
88821
74997
63594
94880
05125
10882
92711
77053
83363
54842
39183
64337
73552
86914
63918
45659
08912
17142
82751
25999
66191
67844
38889
86509
84723
54362
43080
54006
22095
00395
31274
27846
16765
34127
11959
88545
47879
33716
46475
82242
42200
11241
50139
12944
20711
14161
90355
42797
64791
89310
37175
45630
55791
81212
47918
57015
69773
15641
79899
44498
11789
06973
77989
16598
46230
90751
17449
09370
25951
73747
53597
61233
43400
16235
12082
64408
28210
74971
74131
05408
76009
81682
38797
54251
58949
32642
03867
56979
99219
43158
04605
53760
35869
14603
88376
01371
68932
03433
53539
02866
03318
99424
80301
70445
18575
91015
72076
07553
52582
42729
53804
69536
30852
52545
48307
60352
16647
90201
75863
16614
17022
69031
33625
05893
97436
94543
69581
48104
00251
91639
50465
72182
64825
17937
76209
22110
26273
57511
52728
63700
29433
07188
06628
57912
51669
67112
21788
91203
43247
53796
01659
79763
37137
07104
28062
82597
15748
82464
26075
58089
79991
57863
64905
32418
43049
82459
35677
43106
65824
27813
26303
66499
12965
11711
97718
37023
10610
23436
09427
40543
48198
42198
91339
94686
78601
76375
05250
23696
46449
80597
32287
98575
85895
87701
21000
09472
82262
08757
52653
34853
82344
07705
61631
77072
52161
67321
10405
63426
67855
29173
88598
55638
58218
01078
51283
40240
43702
95832
55624
64195
77112
08717
92866
22653
04246
77148
36484
90885
07399
33516
36384
53865
50955
30813
39763
47162
70925
14018
16229
51501
63426
30142
31448
45364
74037
47156
16128
65558
29294
62030
24248
14230
67804
65475
17277
50221
00888
33368
43958
94991
17900
32283
01284
44204
68922
46538
28548
12323
92551
22193
02492
45999
38249
79973
29047
10467
77488
38005
53500
98618
85453
56637
73456
44825
23660
01230
64905
56497
65721
18839
00067
10811
94950
47026
48223
69010
64975
22676
38630
18783
09572
55487
61903
57161
21050
76978
75947
38875
54694
10486
19366
48031
59479
29983
80020
10120
40868
66698
07388
70177
33208
23271
59363
67925
19578
75010
06686
40363
77779
37701
04964
72933
72409
45629
37894
51973
96221
46519
49030
84919
83288
96133
20838
51392
42070
63644
22782
71778
60905
46636
12563
59881
58680
45076
53543
40703
15979
60894
14329
09661
49444
51077
60996
52379
65779
67419
53472
62642
62062
16841
37177
86401
87743
71955
57008
43253
06099
66440
06590
53441
08797
16473
40130
94769
33721
85513
34037
17062
42779
24463
03762
64630
71722
03910
26472
86189
71809
42566
34542
63707
02648
70136
31737
22473
41828
03458
87201
40693
63654
06500
21325
27641
23023
93378
44539
91351
34867
13626
32426
09659
85327
63604
27669
19672
92006
53839
93986
55690
64278
88122
46459
48242
42425
66352
91403
37496
09060
18892
44448
38235
15932
71892
67134
70293
23993
43196
99454
45713
45918
02501
86713
54797
63112
95128
70338
14936
64906
95692
21600
99084
71045
73233
92110
20602
06006
79583
10288
12925
87954
35888
85945
74117
20022
56705
30493
07611
40138
87433
22396
62045
23067
64320
24310
27803
17405
87165
79077
01780
10101
66327
33440
15767
06484
68658
69946
47424
41127
12939
52396
96100
26949
86801
67874
13684
85758
40586
53224
91277
07307
11172
97734
37935
89816
14115
13819
50730
18148
16832
09605
54342
25448
29502
83563
15918
31880
35676
50624
88398
32559
30609
39566
66924
00539
37337
22272
57411
28277
37188
16527
14252
26579
79418
94980
88645
01726
85143
09839
30049
09167
93512
11382
68263
31211
25943
59443
94290
29931
94061
85985
55021
51262
67183
60276
50196
80637
27976
79615
79357
31012
93932
37182
70002
80199
86790
32581
92243
76071
33486
86189
36970
40265
04680
00072
95238
78454
68449
27197
06036
74076
32048
36892
31078
03729
83855
51831
05737
07493
37638
23410
83822
56261
24064
99701
62411
36836
50177
37181
43448
60908
45406
94781
25239
10437
40975
64516
10035
19967
46052
41086
76787
70937
70396
86777
22030
39117
65809
23510
85609
61516
63118
30327
44648
78832
56763
22615
36190
26387
44495
77834
81520
64045
12811
13446
60879
47227
64903
25590
25683
01538
34874
92152
99808
64747
18754
49931
76853
49078
46671
72195
85880
43262
75461
33378
16697
11617
91123
60474
42913
33807
57043
02395
98035
82298
08193
96281
28137
21131
31287
22330
67657
18049
93351
27600
14132
55494
94233
55262
87794
48267
82659
36785
48686
81454
50717
41768
10760
43642
90820
03721
11002
91553
39305
95520
90100
19001
09505
51364
70775
56950
50446
80050
62332
37558
92873
16519
78888
01549
33359
44084
25039
18381
81507
72396
10250
49135
02086
42012
68185
08544
40769
12057
91237
42160
64009
41412
11516
80274
70878
09191
53806
41213
58003
74956
48669
56010
51024
25299
48034
06372
62027
21424
16867
02048
06076
32292
20012
16266
41255
99540
70960
08408
95958
57202
57759
14315
22785
47564
35565
15685
27568
22751
94467
83941
12803
61732
07192
96200
06317
40332
03146
19006
65942
73951
76871
55894
14392
16251
74206
93435
75904
79256
92002
73726
21050
28743
80675
45588
10233
59471
34646
22548
07239
16775
82127
71767
77041
79748
12699
19642
14558
97997
69660
70530
14329
43297
61001
30179
53395
90265
90793
76992
96756
23011
80724
25029
06184
48137
33512
60456
56030
82242
98348
49983
55199
88837
22368
86206
82765
93084
14127
22845
88911
47457
70660
05287
16485
37046
21707
17329
94784
06674
51733
39900
33584
09043
22969
81212
06508
87028
86628
79537
84134
01572
05746
10950
69585
78974
29124
91114
27580
36796
23343
36466
44880
10164
39569
63372
55061
28729
42265
21769
20910
35747
34342
24354
75390
94542
92228
83917
97220
35520
23190
35854
22748
98681
45125
96307
70593
14080
38759
15396
71009
72196
29128
51803
96553
47647
74586
30758
91700
39690
75909
70096
37617
04223
24508
01442
11929
35911
98565
35701
60129
77076
85091
25381
68907
46633
56773
37580
40794
04629
61778
82631
70985
72940
17575
63149
19507
54844
87342
97320
03022
02100
92301
10022
41968
93523
98134
96620
90696
58047
96793
44532
38387
23403
48291
06161
02739
72456
29666
17046
72676
65287
95837
95814
02483
27995
60538
71592
66480
63955
33793
00027
11208
74973
18693
35352
81379
96981
17064
52685
18202
36950
72345
42240
17418
25985
16304
95764
21971
64708
34371
65393
01163
95088
58562
69065
62351
73003
24696
75262
21238
28416
00703
28884
51825
78665
65381
49164
32526
17157
48442
11332
97930
04334
74411
04816
95382
88206
45390
58712
17066
59029
98279
11004
21394
76676
19044
37588
73620
41870
73696
18001
07405
07439
63398
54775
51825
31791
10491
77303
38586
56115
52775
20300
08655
72112
88845
71114
89765
78991
17497
40638
66455
02809
62233
32929
18034
05829
12435
62796
05133
62641
19946
77796
41267
59720
29973
78867
73103
85201
61072
43079
40319
76704
90911
08875
45181
83006
41264
09461
70963
11879
39692
76151
59151
92655
18036
39941
89255
46293
00173
10336
58919
42231
85414
73129
97075
83236
27725
05680
81088
48804
95040
61225
95421
71611
03073
92988
54819
76456
05500
64441
33497
67117
57218
01600
51105
57595
97934
04256
01584
31812
40815
40793
29363
46550
01123
29629
67861
95678
93583
21657
00141
16711
81637
11151
45152
23197
58091
07143
78942
71581
41677
71384
82825
33031
37821
62940
87356
93815
78228
23348
20855
39613
67749
39502
26957
85666
28143
91510
84115
25579
45221
54816
94615
70033
01572
27227
74194
71621
31713
82691
23723
75486
23219
22722
15747
57999
22762
19940
02296
26078
17013
77411
37375
08366
54127
86312
97966
39804
78634
76758
01649
85561
54449
22490
93939
30421
19202
70159
93460
05147
69484
79376
59319
11497
32521
21185
31405
21800
96670
75979
07506
81164
30043
74700
56892
80470
44334
00082
87361
03418
08190
16522
60685
15106
53539
17342
52410
42844
93001
14265
77339
16419
78133
17683
00430
06032
34258
22528
25645
46115
08482
79797
66213
74441
49407
26560
96021
08998
00932
94516
09193
90314
48511
71664
18126
92407
35879
34553
19470
15522
77008
49927
10799
92207
71663
49799
90087
10474
89115
09153
49438
78488
08034
54298
56728
71706
26760
97291
44925
86798
57915
86538
15097
29065
00283
93145
66213
58437
07268
33111
80802
56007
99430
89091
73253
05566
08097
51615
21487
46579
25864
50813
87478
21125
41470
55503
03442
77938
31660
15325
96520
06454
14001
37961
59305
48406
96166
80419
40868
54576
01517
59480
58641
04489
13570
68701
49309
67673
96258
23750
18337
06788
93924
93880
44375
82288
21556
72060
19093
21476
60627
50531
91800
96529
16249
32763
14106
89001
12448
79210
40568
54974
17676
07273
76736
07266
45413
08077
20594
94919
32205
80055
73132
93033
86480
33174
91815
13633
75997
46746
47888
18183
52874
36262
63192
11812
94601
43439
34015
94988
54933
90564
83284
48952
78129
36659
12032
54548
25415
02543
76994
55564
89390
78165
20081
98524
22459
82389
62924
50906
06055
52977
41518
68795
02607
80250
94554
28840
14147
94839
33891
54646
26891
47702
10812
73733
13726
06425
38271
48045
52624
92483
22730
73072
18593
68895
43444
63210
45357
70206
76962
34460
89990
85986
31882
52152
58552
88949
73136
62345
71822
18640
10983
61975
20542
78978
87325
93013
79605
38148
87520
07638
21177
86715
19463
28451
34989
35782
15994
40512
74838
78233
14730
45778
47109
58155
98077
65686
67219
06661
73702
13925
61414
25144
18682
99350
38316
60183
27260
36073
98967
84968
62924
48171
36201
10838
15203
35385
02562
07347
99612
53726
40008
97895
80402
49188
23664
27797
49867
15517
06632
00109
67236
93299
35599
10398
19042
91067
32896
47438
23469
20882
23780
50341
35692
06006
08745
60468
06804
79520
75237
79405
91407
82322
87687
69669
89676
11288
62994
17633
66551
65364
63436
72865
99772
56266
91690
30531
33482
52106
54359
74583
47868
76480
13470
90466
44569
48516
49534
21510
71167
09829
10126
82783
14108
51611
84714
81887
65524
59642
31873
54112
79060
28767
49471
45188
55496
99782
46797
29524
87817
53072
75315
84626
79499
56805
73288
17206
12629
40751
79156
51966
33114
63628
30417
59772
30983
70339
28986
61127
56096
79114
03884
54267
81757
75434
42369
65066
20389
91329
15814
44308
65832
75472
55151
63109
00194
78272
57256
35222
15731
00481
15549
34311
67695
05176
60365
45846
77063
75223
47141
28185
98123
86250
00322
19877
97659
00988
40615
96344
47179
95009
73128
43352
56010
86566
67243
23294
41424
89800
58985
61206
91578
61514
83802
74495
95056
65740
83590
15650
74277
94527
30832
58095
99227
86213
59888
29601
25868
26140
03466
30112
75852
86676
66019
94379
82537
17098
29074
33037
46191
45483
34521
73969
29885
51348
66277
39008
15333
26034
34782
04875
14880
80563
31821
58871
23956
95344
84248
19426
69115
34312
59680
34074
00014
58906
92463
93720
23744
62543
74483
49534
49347
84276
88500
43366
58673
16999
38144
23192
34790
71695
61311
34152
17239
33600
89647
57925
99930
35511
68966
07921
66443
68456
26618
60652
32125
81688
76132
24430
18894
74311
30393
43801
93818
66865
71716
22660
20622
72080
53349
85988
63007
47013
41635
68341
83030
69645
32095
11919
32957
53334
31311
40143
04325
26691
38191
05290
54568
85561
05331
00768
66144
90502
91745
89082
95533
82606
98647
14223
43065
64701
73233
61707
95649
52408
64669
85701
21390
77892
67514
00621
56082
61022
84969
55873
53810
91255
87680
14132
95005
52345
73426
85815
75601
70437
43935
55457
28552
73281
50242
72205
10874
81172
28911
69027
78316
83730
36600
13878
71638
50071
72339
07734
37495
63614
47552
50407
30047
73672
37023
28958
07364
78894
70291
60153
33102
91775
71563
35372
00943
54050
11038
94113
33361
44552
58066
56618
80150
13777
74254
05295
83453
32531
15822
07583
21446
88993
69721
08966
22242
92955
64477
44216
50137
17903
81849
90613
07445
02244
06604
70048
17836
37267
48535
52298
40756
41421
17082
43915
94600
32531
02589
73359
50318
98894
44505
36380
70367
62931
62913
53594
09910
66757
96115
06876
95097
88063
59496
14757
15041
54308
54431
50351
22059
28172
79167
64643
02067
25381
12276
42461
96497
92939
78803
16651
73450
35032
07005
65816
90624
61948
71399
63948
63860
25798
13045
41478
09332
41081
75817
95408
16513
01730
89107
21028
90717
15975
45480
45519
82491
47769
03949
82432
41249
77826
53158
02698
24037
26158
66213
40779
70552
10763
63392
01802
46849
11450
33166
71986
78659
39483
89266
13056
64784
18616
24723
28049
35691
53792
83714
17239
00084
49440
59465
17901
96633
17998
32405
43120
29532
78963
85794
82474
96893
37105
31151
32895
29234
08524
17145
32359
59613
46439
52835
93010
85333
12450
24957
48899
95375
73350
18634
35104
48699
04900
50171
23131
85471
61001
00856
94631
78566
51541
67365
51477
87599
34410
72459
60313
45871
06746
13308
12277
67464
54224
92958
18679
00340
73250
11104
89214
66460
96037
60110
62154
27249
99869
63918
65490
99358
33125
86587
69052
00052
01686
52574
68199
18258
22044
73867
38198
06057
50971
56972
94115
92022
43641
50327
19252
73814
52640
78688
76452
60346
32840
24833
71537
07978
43662
62757
65303
10624
38858
81983
41139
74489
43787
11594
20900
11926
59460
55763
71257
90303
08485
86426
80176
22196
23626
96443
11035
79676
24992
64398
13879
41190
57526
15773
82756
33589
08326
08482
66908
39200
18754
58804
12516
38487
22784
22200
15748
75253
95223
25739
40670
72422
80942
02938
34918
74030
03235
45471
96408
59345
21930
89715
58919
08162
57107
94240
88487
33114
38203
82399
79017
90169
09632
97267
10118
24079
19211
41446
83751
87600
16070
58243
68237
39351
51993
30745
36478
15844
44281
58983
39666
33950
26426
58031
29214
06813
10914
86936
55469
47955
97817
96208
73831
48203
08525
77904
16081
41366
07497
01629
35665
05151
61473
48985
56534
27957
18461
24122
10953
93272
48073
44969
11196
83481
34570
03508
53974
28036
53079
96367
91750
28129
93079
31635
11270
70206
67745
24951
08466
08399
32241
82370
57830
45772
72074
60040
42351
76758
91650
74088
65413
11204
89630
48171
79518
47105
32628
61166
36447
34253
89098
51410
52929
77113
33061
86137
79043
32593
02330
83356
61475
43477
00941
27145
27344
16121
75682
08594
79011
10815
45676
47305
54497
18237
71790
81917
94114
48791
78354
48175
56635
56722
84791
06662
74244
30545
20459
81931
86846
73895
63174
28503
01472
86369
36897
11315
39759
51604
83006
23215
76036
46201
49460
32616
37722
36575
68435
24306
18663
55698
76343
25885
01762
06716
12036
32029
02444
11642
30762
34479
46475
63204
43017
78995
35374
23045
14370
98445
87277
48184
12283
99822
24982
79980
84052
35262
13302
49455
39760
32756
00496
36883
90923
42366
87774
51353
01451
26489
88476
17639
88027
45604
09492
08339
36723
33457
12403
01570
56902
25165
33163
19703
12225
41301
90748
21981
14551
38257
97271
52048
24994
24530
07446
45364
63698
63270
29649
52457
17997
03164
23313
56887
20290
60008
89087
61899
68085
56507
70133
49031
00876
73706
57985
21491
50366
58419
65557
10560
74569
60982
49720
40425
60674
73222
84925
78994
51121
32225
41414
68880
09007
88140
02014
62049
93015
56070
31094
83490
98298
01421
98085
43726
31224
68751
40560
27218
06588
77280
51308
39344
81726
80060
44108
77203
09676
32210
86382
06996
12877
47321
91775
41298
71409
82950
48980
34292
24682
50535
83018
85585
38958
83491
05062
17704
20076
96056
42580
09478
96546
53096
21647
70769
11463
82123
85627
85916
83280
71526
58605
32587
27280
82190
83503
15795
01923
31465
67062
09926
70674
02682
04073
63200
84911
29941
42262
92557
96829
54662
07666
02971
93379
21161
92515
71227
53510
35928
08964
01005
27876
81958
18779
40820
07184
37240
85808
40774
74617
44053
62949
41702
88764
87300
81630
83276
25828
32106
48245
80799
09050
07610
34734
33464
31298
05323
66685
45641
82712
34372
39438
84518
47307
46057
61364
96832
81241
72391
55863
88503
60569
09683
49598
78835
98502
24167
31653
49201
61462
49776
83536
57363
84939
05788
99773
10495
68218
45925
51446
27341
11154
69863
56983
45263
17741
87366
60699
47797
35484
41127
65764
19478
46407
69190
48714
75016
15178
25759
67994
99657
40536
39318
04169
17754
42240
98325
01902
61950
47261
37960
86921
07660
98402
73336
97572
80041
27422
92435
68873
12898
02212
19752
06394
38263
28258
48199
49404
76696
09317
51489
17760
87341
51100
47936
41712
48704
13626
66386
58239
95277
62715
17540
15937
89924
01722
56224
91055
19926
19822
34006
70635
75498
19643
46045
88938
53606
34509
03252
81778
37001
27452
16377
34251
50649
60250
11724
40294
32625
30259
06725
03961
97000
25974
94723
79856
14601
89308
38201
64391
15579
62732
62471
52738
64640
42939
35592
55746
99738
86006
52797
52047
68420
78857
06123
48138
84357
03077
97167
05639
87055
24918
64975
31359
83932
83725
89019
71620
29463
03383
29828
30682
91623
01994
17996
69547
05947
44497
94577
22528
97643
40329
81358
85593
91907
60072
31161
59502
08781
46312
68919
42352
56985
22833
61059
38521
18137
10055
05420
55374
76307
90652
34120
95763
64234
26216
83890
70339
49827
96081
84279
89474
57571
17456
81866
18221
65390
26717
85756
29063
59187
76333
02336
80203
94236
14352
43572
65145
73771
50035
24051
02557
29579
75663
51065
98796
86948
91733
74795
38463
29603
07071
65937
66974
64170
08951
89107
33417
53473
01895
93827
07657
65305
17888
05090
27297
60314
38716
61417
99464
94726
51197
93362
12053
47456
88082
01512
05321
25586
62654
23790
66488
17816
27385
50752
55867
06574
79692
06719
45234
78938
06311
89389
73598
22482
67230
78889
94508
97737
10252
55104
28811
01370
25049
78402
81464
80135
98095
24168
57196
72260
81048
95449
91125
19143
38031
80554
08358
24783
27948
29609
60503
63090
87495
16178
81691
51700
85494
07948
98423
12012
74314
43617
02712
99720
63425
30649
63885
28633
96127
64186
91543
26490
99300
86500
77875
08117
63619
43232
27253
99277
03377
95383
85305
00769
13405
73527
37445
41838
13632
27374
56847
91639
81468
09145
10087
09788
16165
49541
70237
52768
70177
85295
59896
01954
04822
70266
09294
21625
14821
06039
04848
08119
96616
75615
42005
75900
83804
12771
95189
19429
15583
15505
59759
88697
12281
35025
22062
83716
10671
12829
31127
01789
35305
34951
51847
49710
58964
68029
78107
00055
31382
80467
99627
10677
44122
41698
91498
31660
67499
14470
50536
67064
86756
66747
21942
46151
63397
19858
05548
88186
71206
48941
62093
51095
34374
17954
48044
11754
06580
67261
84064
63682
62875
03171
15247
39689
65297
47818
78537
20649
10666
31183
60754
09067
74787
52936
07955
80411
61512
21071
03711
13174
61544
08033
26788
92251
89882
61961
08681
56387
10959
72816
30288
50931
13817
69284
19964
23218
81712
88311
84779
90708
97169
91475
99689
02749
83747
77396
82225
44276
68325
87670
34740
80757
66608
01825
94857
48410
77069
50715
67405
52189
13394
31695
92785
72641
34445
95895
72319
28076
11576
12324
85107
44802
34210
16652
35215
21022
38102
32164
11827
86455
05709
87169
68715
73717
97701
48139
11413
54621
57030
08423
47740
02687
15650
79490
49560
86721
09840
44130
06412
75111
67405
02977
30972
12308
36028
23145
16969
32438
73506
54030
35020
87953
41308
01255
62523
19508
93533
94602
64692
11293
89123
10554
18845
91730
74991
46449
35398
12829
55784
84815
46760
14053
39591
94984
70289
28623
46358
82255
44179
49305
24055
25658
70533
33763
75862
47926
44054
51414
38003
06405
49001
31752
28869
46854
81300
15247
97083
63187
86626
60382
47303
76001
04255
12662
62515
33315
22120
52468
76062
16986
35930
06000
60973
91443
27363
30014
58502
95436
95324
83055
28743
59740
97386
32181
07426
53813
26650
02282
66775
28936
95041
61393
86588
39204
38103
98568
38487
19929
84600
30588
45322
61335
24608
89051
67562
55309
49294
55580
72844
90083
18443
10711
61869
50905
75948
83627
42082
52274
70229
51045
99044
56614
86248
59661
97996
63516
80950
06089
60230
57302
45889
06867
62052
14151
87260
94147
11715
66001
59181
67966
29782
56170
58733
14680
71949
18506
26396
81850
72772
73573
34374
55194
64781
02075
10766
54471
10085
09787
44766
50640
16119
64496
87570
21396
10047
93534
54344
18864
95333
93269
02506
58035
88159
98122
91758
45895
63095
77365
57875
70007
66599
07844
51852
66201
79704
21224
47770
60873
29335
69300
88769
15977
80460
33814
34947
53632
67546
06407
08646
38364
44766
98525
42027
72532
63654
52440
22212
17352
67141
67977
00614
78944
79983
11093
08795
37126
79391
98448
02237
51228
78137
96596
77975
52704
44630
27160
16617
98973
86763
65909
50982
66304
11908
80459
94931
00518
62447
05936
01215
50071
13826
95305
84465
89831
35924
31847
33663
27879
44947
58557
52990
92065
15385
26134
49698
59928
54839
85364
37696
49076
18917
48177
90832
92544
17817
35529
27122
30717
99420
15041
28405
26215
78321
65316
98051
96763
05285
99261
77240
60421
06421
54091
63984
84511
19273
34358
06170
01146
93118
46491
36718
78243
77056
81947
09174
58015
87943
74812
24454
29140
89456
94286
57146
61014
02429
82120
47688
68599
12464
85368
40918
74894
06149
01670
98220
44771
89580
04327
23693
51176
59360
25961
01098
49501
76558
40360
31422
46712
62800
49721
96234
53348
39983
32677
26712
83746
73998
41853
90955
97929
46039
45228
64893
52998
55209
14646
02453
71849
63143
96812
75310
37701
79071
95610
97024
75688
21390
43621
67794
78066
87619
93046
65257
30112
24534
68197
72248
86767
94518
20279
19881
05981
82253
35248
66695
33081
57674
10801
68499
93366
68304
54629
32899
95901
39033
09141
87116
63996
43374
24148
69866
13022
48912
78237
50334
07857
82906
53595
27192
39621
61026
76511
35033
93575
05307
49033
54594
39599
03101
06386
33745
56293
26205
12891
17885
36960
33065
62440
16759
32812
49417
58566
68778
35898
29962
94724
94928
74842
48752
10341
09001
06770
66786
03390
53371
73364
65137
32065
23370
69983
72170
66342
65011
35577
16745
24153
98636
25311
38818
60333
44466
79628
00401
64138
13498
81421
14212
92783
44250
70981
27227
76372
26017
50558
40445
68829
90598
23935
13901
07337
14822
83547
87452
85405
47559
36289
85738
22132
23437
96542
32554
24051
30817
82542
11084
00804
80304
64617
47174
97639
77967
88461
19508
77505
36525
10559
99006
52982
99791
86008
92036
88030
18709
27959
00418
63577
33294
51862
76981
94354
49026
15468
79136
04328
60310
07591
44255
59397
03249
22142
17601
12370
60166
24187
09308
17091
82701
44616
55929
22255
72885
91733
06587
16264
54195
39505
95184
09438
13050
13714
34994
92915
08820
55040
67349
75702
58080
94614
50959
56026
29235
58586
01064
80421
98882
24092
38304
76510
94168
68264
63893
41384
84366
18024
74793
37218
08423
71683
54114
47857
61267
87312
47855
31399
84990
17744
98761
29270
86097
79501
19782
65289
88123
42817
06307
27856
41503
02999
22853
07832
80881
89816
45606
79299
99084
85318
33789
59635
43413
59401
94899
12618
25758
21171
23081
55853
03800
62474
55166
63632
33133
19624
88502
77841
59157
69228
70188
39283
98536
25364
28709
13231
88864
54558
01756
02953
69114
51276
96214
17541
97908
03550
83858
48053
34760
57574
99731
11171
77984
32815
75519
96890
95729
76590
48590
16687
59320
82011
11634
87953
06063
28192
21135
10218
66523
35955
16342
55665
58125
43360
53350
39817
00600
75126
65191
43881
10886
51644
58249
21489
82560
39797
62359
45288
73695
36129
81908
52174
39204
35934
55108
80286
19773
49448
43399
29199
70088
15197
56257
78842
80740
75156
14969
04480
44858
77045
19163
52356
86269
00403
69387
04076
24262
35494
24922
01836
57672
14485
96473
97148
26471
58689
29214
69172
42616
08625
35715
24674
94311
49498
89032
29922
64154
47265
94829
06675
23570
50298
09453
02144
07634
33206
11628
56487
02220
18840
43931
35295
21586
77410
00621
55456
44175
54558
24032
04363
31599
52748
52252
11210
55152
77428
53511
67199
12191
94593
77178
99078
34762
72738
17039
04033
91430
60348
94668
14955
10204
02899
21503
60872
56253
41061
14182
96387
08756
40372
97379
90601
10037
19925
82053
63388
33023
37147
28790
38677
95877
98095
91098
07956
41150
60337
61911
99410
55457
31684
77200
93042
08048
62933
29766
27059
04018
06656
42671
06961
82196
20753
28584
87037
01127
47775
02214
74257
56617
96070
13455
29665
92939
09300
02875
98142
04034
73074
62696
22349
73888
87367
11196
61893
92352
54393
16300
63680
88783
51016
03609
03448
26053
09823
57999
74118
70237
49489
11619
43048
05007
75901
75854
65272
13694
62854
00916
04824
59874
39019
45901
40732
32903
70006
36896
94723
81507
75065
37536
03765
16518
38986
86008
75709
16263
93256
58719
75682
40011
32930
38907
48879
06209
62435
14801
21821
43617
14354
43615
13419
16590
50787
83598
85048
42181
20869
56009
08802
81668
40731
12777
58170
16112
89153
71312
60912
22520
89554
29099
17751
29872
20609
45540
91544
17196
94479
12113
41440
82048
99705
17114
33145
70546
37466
80616
27911
27567
75729
28063
69449
44173
95534
27637
75464
80684
25465
93118
70389
21612
42372
61911
83653
36431
39393
65674
38134
22433
90686
55564
99257
78234
65386
90878
77005
39938
63549
74971
61418
00551
53547
38893
49421
32717
62579
56486
31214
65793
15077
87758
41898
47221
00966
83243
24748
02430
64840
17532
95502
03780
38492
87539
20432
58471
72554
48868
41340
61865
32615
71438
69907
69860
48906
32516
02781
19000
20484
78439
02351
77894
43809
57130
98985
90756
51712
73272
91657
40403
37561
85253
76427
86884
58764
27539
10134
63905
65318
99508
08545
82673
19680
68780
00516
26144
63181
18125
08331
56056
44878
16691
21663
99997
79619
74639
17404
62320
74598
11867
63460
75217
05987
52599
38538
39783
25300
46662
27169
89057
91568
31796
66345
62907
37264
94031
34693
08405
26926
10555
31785
40252
52941
33983
36142
46905
46621
45832
71883
83295
36628
07642
57851
35033
73923
19910
25161
71319
52721
10013
05769
30375
36369
94156
96594
09817
68025
10793
24568
26266
23358
16301
50984
39876
79429
39135
32406
25366
04599
44817
18482
40524
69334
17498
26253
67154
76552
74759
42623
98776
37210
29432
52255
50325
16496
74883
52819
30414
08935
04037
14888
84904
24828
96859
60514
68799
74774
90265
27914
94379
14788
88436
57136
53133
30260
84634
91172
64112
69782
74194
11139
76910
70209
85846
17963
47510
50250
51610
07296
01558
66465
44582
91190
64538
28057
24493
43577
59317
73003
50058
04613
72344
76492
14760
96249
46626
56065
20898
06079
77176
27952
70125
34487
43769
22469
88270
24179
79193
03828
42527
22164
02936
99087
62018
20082
08363
60770
18499
92935
99252
17132
57701
92886
73068
86178
15581
17657
51248
69431
99060
73174
37008
75111
44633
12191
13513
02325
91297
45864
41901
85000
99814
91120
46629
83603
46922
96649
21606
82405
12477
43621
30728
74997
70350
38371
55121
49449
57717
54569
76245
79744
74281
01145
24619
98804
13803
51298
51284
65209
08234
81764
81299
70641
88586
22062
96733
45495
75568
36558
42948
85345
40763
33866
89789
84574
02054
09124
42656
98974
48459
80664
24712
31229
99310
00428
43459
99482
54187
76938
43518
73121
69463
60807
70137
06346
72898
59521
00314
70202
68185
55410
03646
39277
03241
60625
73819
81843
67662
88849
04699
71128
28500
70640
09455
38968
59073
88993
89757
36316
68631
60341
73261
92750
39674
45064
48407
58134
02222
78872
21422
00542
09504
44167
84917
72784
11058
05762
23027
15029
39937
48205
26645
34283
30912
48986
65422
86027
48739
31545
11334
50410
87526
65079
53547
27315
26817
94389
77630
11672
10950
83272
05223
89015
64613
02013
12903
23917
32484
20346
52037
40410
20538
58816
26635
94450
08323
90547
20603
40266
34161
44723
78843
55749
62134
79386
53164
19380
40067
00874
13434
71697
05070
24673
78553
46409
73387
58052
55997
26170
85933
05346
50660
43103
12690
57242
73362
77240
26034
21538
24872
24737
81207
95173
59790
51840
96416
86556
44178
69652
20950
35233
90061
64491
00549
43784
47884
54432
82804
05363
16013
30160
77254
14224
38200
30363
06134
72002
44957
33262
91345
90586
91221
37568
71435
04211
58363
07651
35733
18241
36374
09387
14577
16962
98252
93897
26800
24844
52896
99213
28282
36579
88858
82328
64296
61781
88175
30153
10363
74208
54243
37411
28779
57877
26771
42011
23650
70287
80662
60377
85496
63307
21718
85888
46198
32704
72157
28458
00689
20749
70149
52305
05971
04029
09356
13769
27287
24116
64256
88436
66845
47634
45243
88751
20363
99379
47626
21305
68611
08955
04867
28706
27238
43553
31165
24421
03796
38916
51077
69793
28324
26148
26688
83758
03761
10253
24874
88926
45839
93746
06775
14592
33156
56022
70182
02705
56823
93055
86465
91746
88726
23396
00283
31962
75648
10741
04661
73295
29468
69042
33795
33397
77342
78738
12994
57537
53036
34792
90804
70396
81586
98889
26019
59624
45276
19993
45977
57820
70859
31274
13892
64766
81322
64284
68791
60558
73587
38681
17997
14481
34844
30066
12600
35870
03349
31839
62271
19479
85699
91185
30189
81693
02543
05219
75873
48112
60992
21173
50179
12877
58095
36663
28387
60595
07873
04596
09766
93395
55050
62178
74439
49349
55851
90886
17896
83455
47821
87784
03678
05268
49915
88790
27945
47366
96777
27670
71375
81486
81735
70642
81295
41053
41224
76763
78355
24413
84683
98640
89337
31823
77010
97711
53707
75815
16557
56676
52687
79077
10523
93084
45133
15173
34378
00505
64183
90466
05374
62947
72182
60183
70492
53289
85643
16828
41522
80436
89240
33917
91972
13754
25011
82432
67287
39818
22795
37254
57331
71117
18140
46711
74326
89292
96039
84110
92482
27936
58206
36584
00806
13198
82405
28738
67944
65502
26348
07063
34103
68812
47761
13873
86512
98835
64090
14124
15960
39946
49123
47528
31217
19100
46360
41312
18892
36098
46708
59032
05623
73933
39039
69465
51758
76373
91238
40585
43871
75054
21902
56783
02761
75280
18797
13205
50655
47704
45059
96482
07401
54580
82783
74609
49808
07391
52666
20078
69673
56564
03027
22068
00327
59571
08063
81833
90580
44931
30165
82957
36969
32713
96012
45797
20046
41604
16070
78061
15977
77316
28689
40765
00562
46585
60191
19249
30129
71440
09775
51806
42486
41462
87992
96937
89528
53010
42374
21189
93074
07723
15556
30450
62292
49281
85476
52494
63306
10540
58042
12601
05044
34664
62679
75803
08526
12851
39399
36532
03198
16813
81543
23124
69045
67551
51219
79537
06601
03611
51718
09996
67668
18447
64085
97491
52987
99554
17479
35732
26309
28274
56505
36114
40494
09855
73401
32734
03062
42851
79619
69424
31440
34774
14610
52706
49437
28701
21836
20289
90599
03546
48196
87917
45294
86316
77463
12422
48481
37082
36482
04852
01792
61275
43645
30000
26776
60756
37248
08969
22322
50848
90115
33271
97893
96040
54299
76592
85505
84496
29623
94257
75676
41389
63756
42937
94178
57297
10159
28314
86429
86710
61988
03501
13492
93462
74872
20501
44532
46964
94840
04074
72812
26916
56451
83116
28351
08247
29931
80072
49951
41859
21116
75323
65052
72825
58326
66759
18450
05153
41517
33692
17787
19773
88024
30980
85142
50882
74588
22563
59941
57370
73952
67468
09013
78058
52594
25489
40445
71793
50729
67211
86363
87791
05129
65767
75178
92504
61957
89315
02419
62487
39512
69610
87601
37871
71935
74624
41783
34997
92193
68996
37114
49511
88655
79696
54567
30649
22703
08236
27258
09699
43267
73983
69873
72593
76504
11217
45075
77822
58515
56438
25780
30095
84555
23704
86554
54470
32942
45266
74950
11094
28727
12587
08041
01240
87312
94288
88660
96996
56484
50388
57995
47065
29180
68107
24564
50301
58621
48940
09182
44713
08393
52153
63138
87048
68394
72515
56235
56916
20794
09385
51041
74596
15835
81428
30100
32964
25084
12491
28193
30687
50832
28284
96402
58191
51552
10974
04864
22786
77545
74190
25261
46039
85277
23705
91302
77836
15098
54732
56639
68701
47198
03689
34447
69769
37816
68905
99668
03732
59365
55102
09315
74426
10289
95224
07539
89884
70936
88350
42515
36839
99006
74485
00722
66193
72774
89091
97245
66466
87265
68137
20740
50348
34311
41709
84218
07820
17130
54272
06302
83100
39065
89104
97306
16422
20197
19799
45735
21618
67906
31704
54593
43598
44727
15743
64306
50168
02422
33305
46365
04553
59527
21555
94004
89939
58858
49888
82654
30790
63104
85451
28012
17942
80353
48266
10854
94968
11348
77277
89893
51743
28713
47446
71120
99486
84468
91272
85794
03686
70994
82362
66045
28349
51316
88721
27004
40105
04584
35228
90742
65812
92321
27652
89733
14833
23937
49109
65938
84911
43422
03047
55760
18906
02100
62456
50486
15662
84578
03699
96300
36693
03539
54849
93225
55401
45262
02627
53537
25104
64224
79780
29734
10620
17257
98594
46840
56457
11195
18293
93532
69596
50534
11773
71238
01465
44236
37130
89322
65383
68787
59608
51177
72731
17734
83407
73265
63754
93033
70940
66149
61154
59306
35963
68943
44428
90615
25021
82119
93519
35388
97375
17992
65609
52574
74630
61987
45240
59742
13380
45680
08931
56630
39785
02875
51794
67252
38831
73184
61243
31447
01784
59068
78030
55935
58152
32820
12422
75375
53943
50012
16095
44988
27670
76145
41779
27235
65821
94824
58814
78537
46737
55144
85464
04318
58724
64376
91621
84056
89931
24512
03822
72628
42656
88489
05853
74962
50732
25397
94569
44857
53880
24568
56575
29444
30659
78404
42731
92657
77046
31743
13691
89800
00579
66569
86817
60077
85325
17084
27345
77729
34216
66492
60192
24030
87965
21919
13376
98968
97354
01878
24899
89297
24418
78982
36703
94150
68949
10037
44723
41057
32345
63277
46663
13274
51143
02385
63044
03565
85660
33279
94473
29008
92055
78702
42022
99835
60146
95198
55700
43257
40619
72937
44260
29407
85464
66754
12711
66382
45348
32038
02590
88637
88510
08321
04413
27964
92878
31406
82071
45526
06652
39633
