02048
00027
00003
78732
78125
05184
01944
01458
00768
00324
00072
81920
16807
16000
16000
10240
01600
91125
30375
01215
87808
76832
01792
00014
72000
60750
51840
48600
30000
27783
21600
19440
18750
10800
06000
04320
02430
00600
74088
54432
37044
31752
28812
24696
21168
16128
06804
02268
01764
01512
00504
00084
22528
22528
15488
96040
39200
04900
04480
70875
43264
13125
06656
05408
00315
00052
95832
59319
47916
39204
39204
33792
19773
19773
19773
17424
13068
09504
05346
03564
02376
01584
00055
53760
47040
39690
33600
33600
30870
30240
26460
21000
12600
12600
10500
08820
05250
04913
04913
04913
04410
03780
02100
02100
00420
97344
89856
88000
88000
82134
52728
50544
41503
26620
24200
21125
14080
12168
09317
05500
01625
00539
66825
83006
83006
43940
18634
06760
06500
01078
95040
58080
47385
42240
42240
41250
24750
18150
17787
15795
10560
04875
04864
00722
61516
33048
31212
30758
30758
17836
13056
11648
09464
03249
01836
01836
00204
46585
45630
45276
40560
39000
29106
20328
14784
10164
05070
04680
01925
01925
87040
85000
45125
27702
24167
14592
14161
08208
07296
04250
00340
95625
73695
73695
68796
45864
43120
34944
21560
03822
02944
01472
50301
40425
34606
23750
19000
18304
17689
15200
07436
03800
03146
01587
00621
00621
00238
91800
82620
78030
63700
54621
23660
11583
07497
91238
76176
69300
47775
36960
19044
10108
04256
02875
02875
02645
01064
00266
85500
77112
66924
46475
46475
44616
28500
28314
24389
12138
11154
09996
09438
08568
03420
02574
01197
65824
27300
08190
05290
01127
67032
64638
59392
39675
38304
38304
33516
27945
16660
16625
11172
09315
08625
07150
07007
05720
82432
82432
73167
63112
57915
50578
48195
32175
27885
13376
07569
05746
00418
00322
00322
86250
77763
66240
56056
55890
50787
46550
38148
37240
35739
28028
27600
25857
23375
17901
17250
06897
02244
00496
77841
64009
53865
39039
24990
22272
18125
18125
15138
15138
02511
00988
94668
60192
59840
44436
30912
30912
27048
23826
22542
21216
07956
03762
01105
00966
00741
72072
70125
55055
50531
42042
39900
29000
15960
12012
06006
06006
05952
05566
05005
01421
01116
75803
47424
33440
32625
27797
25047
23465
20900
20111
11270
08840
03220
02964
96100
84525
66759
50715
44880
35343
34485
13754
10336
07774
04784
03927
01240
89523
87616
75690
61893
58125
43245
29841
21750
16473
13920
13050
10952
09472
04350
03480
02325
94178
77280
75240
60333
33150
26520
06076
02997
68921
40733
37375
34884
32292
25300
23250
14880
14352
11628
10120
09300
08526
03458
98568
94875
81664
74008
36575
32856
28416
27846
07104
05994
00888
00377
83259
82654
80724
53792
53792
48139
36456
32480
31581
23436
20300
19635
11718
07084
00082
93366
93366
92055
88837
83490
78416
75900
68107
54760
45540
45387
45387
27380
22425
21866
14630
13455
08645
06992
06032
04845
02960
00874
00403
00259
70642
43400
37536
31713
31713
30153
29584
23205
09775
09207
05742
03828
01131
79704
73359
66304
63756
42630
39852
30450
29008
25382
22785
20172
19926
19380
18837
17290
08405
08151
05125
02214
00806
00518
97929
78200
70180
63426
63426
59940
36192
35520
32643
31280
24505
22200
17760
12276
09048
08525
07820
04092
03910
02220
99705
78120
67925
63104
48906
48906
43065
31552
24310
20898
15979
14063
13566
11094
10250
00551
00516
00215
98252
93058
87048
83030
72358
52624
52624
46125
35728
34307
31262
30160
27280
27280
24064
14508
14212
12032
09672
02639
02387
00188
98325
90601
59643
55040
47068
29601
23460
19881
04018
02296
02108
00481
00430
00141
85782
54243
52390
51051
47937
47937
41440
23664
19680
18450
16125
14760
09840
08398
07749
02590
01935
01653
01230
93786
91368
89528
82225
77056
64449
61568
60912
59202
58996
52440
45240
37696
33930
30690
16422
12506
09632
04816
04512
02538
00962
00667
92988
82560
69660
56916
55470
55104
52896
52345
50875
28458
02809
01767
01722
93240
79376
61364
50388
30682
23023
22330
16121
12903
05203
92352
88160
75852
66352
58029
54272
46176
42160
25974
22472
11480
10540
03689
00106
87412
73696
61180
47740
37323
24037
24037
12915
04293
00703
96200
94240
84600
39886
32079
30100
29766
24354
24012
21070
12771
12690
11780
04810
94860
68880
68880
61050
60996
49764
44175
41412
40635
33125
30107
28210
25758
25415
17888
10176
00265
93654
92778
92778
90576
45288
33350
11515
11322
05031
03565
03198
03145
00059
92225
88350
71225
63210
60885
53010
41470
28405
23698
22748
14801
10101
10101
04240
00371
94600
82250
76245
56457
52640
43602
32900
26650
23650
18920
17575
12654
11594
06580
04653
03721
02795
02385
02091
00061
88660
71955
55738
39767
35475
23744
20010
18183
12464
10388
07192
06808
05936
03404
02444
01798
01593
01558
79856
70119
58719
37638
34447
28652
19964
12925
12720
07657
07337
06579
03180
92463
90624
64467
64170
62062
58311
55913
37961
34782
32045
31635
26144
21489
21489
21390
21390
17405
06372
05664
00943
00549
97375
76375
64728
55760
51700
46746
35616
26712
22059
18275
15275
08904
06970
06678
04255
04255
95238
95238
89838
88938
86756
85305
74624
64090
63270
60352
57970
52704
43378
42527
35815
26418
23424
13176
07755
06588
01098
00689
00305
92750
64719
62320
59360
57717
28952
25970
21573
17342
10013
06149
04489
00067
62271
49910
48800
48734
37210
32895
28576
27495
26432
20910
13485
93351
88500
80104
76704
74865
71638
71638
66045
49665
44250
34216
32065
26019
23575
11151
10620
06996
04575
02144
02067
01072
01072
91650
76590
76570
73370
71114
61275
56637
36704
35178
34481
25530
23370
21930
18447
16359
13664
06832
01081
79296
66144
64296
36600
36600
29280
10325
08041
07990
06601
05490
05358
86710
80802
69190
53371
45253
40885
36190
36190
35955
31465
30745
17157
10854
08745
04824
01802
00804
96309
71440
57820
57134
41292
36352
32164
16520
15372
08162
02562
01947
98176
93015
89001
85888
85701
84249
84227
52470
44505
42880
29524
28290
26800
24544
18585
16750
16112
16095
04028
02014
75375
38916
31152
19006
10812
09045
06903
06039
05025
04270
02336
02301
02013
01005
81792
80370
61950
51615
51414
50752
49560
46805
44375
42656
42656
41340
40326
28037
24486
20448
20448
17051
14469
13632
10664
08875
06566
06405
03408
91512
90100
86480
84968
72080
68943
64320
60300
54050
50250
24168
23780
18126
16775
16775
10387
09823
09204
08323
06307
04020
79101
71706
71000
63948
55315
50410
39008
37555
35287
34410
28938
28400
26645
24115
19504
05680
03550
01825
01517
00876
98739
98072
94424
94424
75615
63984
60632
28548
16415
15996
15975
15975
12470
04697
97911
97412
97088
94829
56763
56115
50325
35409
34515
31161
25039
23360
19470
88695
85904
75152
72345
72345
64676
46900
31311
24534
23218
21942
21476
16356
13419
12036
10437
09855
06815
06095
05551
03285
90804
81774
74606
72611
59015
58938
49245
32704
31211
30210
28616
27258
27258
26691
19995
00781
00711
95128
87600
81918
72816
50150
49776
47564
34968
27260
26158
19822
18662
18241
16813
14053
10950
10950
04599
98368
85405
79980
75702
70350
69445
61335
43645
43645
35245
26845
24992
23790
17064
10856
00395
79520
68264
67252
58960
54868
50813
44308
42924
39760
36482
34790
29140
20740
17885
17066
14663
14570
11210
10624
10619
07955
07259
05795
97643
96186
88970
85291
74555
73140
64538
63200
51392
28623
25599
25311
24187
07455
06723
00747
82544
81592
80535
74976
73278
58089
51100
46360
40774
40774
26182
24921
21681
21238
17329
17329
15910
91553
70784
39273
34445
24674
22110
13446
08964
03796
02212
02075
85358
61506
52998
43475
38269
34371
23075
16687
16614
16614
15620
13570
12331
07921
01659
90593
81055
73017
48223
43615
36295
36295
33200
30832
26560
23055
23055
11715
91120
86387
63388
56950
31694
31684
26078
23693
22784
21868
17082
07973
07638
05133
03318
98624
93720
89958
86336
74037
58621
51262
39117
39117
34221
32277
07844
06952
04964
02698
96596
96596
88480
74700
70389
67230
54567
50996
48175
47386
45322
44240
37960
24682
23124
22120
21726
19642
12730
12450
12201
06063
05307
02607
95475
80135
78234
57672
57672
56823
52706
49290
37023
37023
29463
28743
28743
11096
08544
05548
02054
94423
55776
54694
48804
47064
41712
41446
41366
33814
33814
10974
09145
07705
07446
99540
97997
90525
86715
82950
80199
79210
76494
72865
69536
67405
67405
67405
62049
38190
19929
16590
16590
14027
03266
01780
80840
61732
61640
51794
46480
40670
34760
30659
30129
26980
24648
23240
19703
14147
12803
12324
12324
09455
08217
06675
06083
02739
01335
91377
87699
79744
79605
51330
33215
21488
06716
02492
78228
52152
45214
36478
29394
27454
24030
05829
05607
05037
04029
00194
97083
95285
75174
60630
54870
50765
46230
40470
16616
07857
02419
00873
77875
54696
48575
23851
19418
18693
15691
06715
97785
82362
79712
64701
62634
61393
60625
45152
37248
37248
27936
21538
15041
15041
11288
09676
08236
07832
03492
02501
00582
89474
88972
81252
80476
79299
77836
69782
67804
67257
51712
51712
51128
47702
33497
31382
31217
26273
22997
16133
12699
11297
07553
03232
00808
97000
91809
73629
59926
54780
44517
43134
33271
30603
16185
07268
00970
89676
75050
68499
65475
60424
60040
45188
29087
22833
17963
15106
08466
07611
04365
92939
92939
67977
65490
61206
56070
41968
33891
25029
20984
04848
03636
02781
02781
00505
96760
90036
87300
84056
72124
63425
60024
48380
32509
11869
96832
92655
68005
64640
63654
63654
50058
43617
43617
05546
02627
85492
81468
77273
61975
60146
59496
56575
50138
34874
33866
32592
24957
13115
11315
04074
00856
00428
00109
97527
97527
95265
90155
84064
84064
78995
74730
72039
68799
54112
46948
31755
20600
05047
99160
96387
96387
70028
69325
34918
33950
33950
27160
24723
22908
14847
59345
46144
46144
20188
05762
05044
01442
01284
00327
89082
49440
47647
34404
33031
32964
31447
30260
16482
07347
79763
74095
68085
53500
24442
23544
02993
02222
01649
84728
84728
84134
64766
61225
60564
53350
38822
36663
28143
22910
21663
20501
00452
95776
86765
80301
52768
47936
47888
45390
38307
27250
25864
21800
10486
09153
02923
96300
80250
73575
59994
54538
48980
40138
36050
34932
29419
28890
28884
28840
24564
09699
76362
74774
70625
68730
66815
63630
52955
50730
35511
21424
10815
03686
02712
02581
88290
85345
73272
71832
70006
27192
26809
26215
18894
17654
16165
14329
14329
06867
82592
46905
38759
36461
13348
06674
03071
96408
95375
81508
80801
64337
61778
54839
53618
48203
33174
32980
22660
11058
09191
08034
05151
92667
89024
86691
83215
76736
50624
24568
24568
03164
95877
89301
83804
64735
47141
45262
42372
30972
29425
20022
14124
12519
03390
89349
88270
46662
27573
11336
94554
92112
82344
67363
64906
63918
63918
63307
52687
51604
51604
48739
38947
36852
34639
34542
28476
26772
20586
09492
84357
80340
67551
54487
04972
02369
95950
94031
89240
84925
77894
67673
54473
43529
39689
35020
32390
31640
20907
08393
03729
93217
83055
77254
53985
28552
16264
16264
13172
13172
08132
07426
02938
97850
90312
88911
87312
87312
87058
85988
83628
82038
64516
64306
48034
48034
44748
38626
35577
34821
33970
33417
27876
22374
11139
10914
06099
97170
96224
87633
83460
64491
50955
48112
44187
98974
74989
73573
72760
66708
63181
60421
55309
49720
49720
47918
38893
37741
36380
23821
19758
17161
14214
10165
93225
55935
51045
40793
40793
36576
33512
15604
07684
79060
79060
73450
71981
67562
58007
52682
48887
44642
42107
38522
37701
37701
37130
32930
27671
24983
23051
97370
81586
68704
68495
66963
63500
59295
58035
54570
10028
99932
87576
81313
61525
45526
43788
33166
31174
29532
22563
17145
14645
12561
09605
88140
81875
60990
59073
55590
18864
14224
06386
04183
01572
01572
91848
72427
57218
56007
50882
50244
32623
29290
23647
77935
77826
64855
58515
54735
49648
43935
33464
20792
08366
04661
96012
85880
83781
75854
72197
59740
57474
48269
47294
44957
42672
41870
39591
38316
26718
15029
04445
76629
73830
73830
63632
53072
51681
51352
44805
32205
30734
03699
03699
74277
71120
71120
64975
64975
63860
62880
59363
57851
50196
31440
21131
04191
66795
33368
06604
01251
96937
91233
89404
78982
74617
67056
47821
46057
42262
40273
39804
32095
18685
11004
06985
87680
75472
46112
36703
26688
26216
11528
07506
04223
03959
03959
01370
95282
92783
91700
86884
80546
72772
58562
58562
56303
54431
40703
38907
38831
32591
27911
25026
23219
20855
14151
68775
10126
04318
04033
99384
98640
97966
97820
90613
78269
60417
58764
48389
34237
33733
24660
15549
13029
08646
99897
27244
83018
81744
72050
69048
60756
57178
50040
47637
36499
22795
10218
10087
08757
08757
07239
99060
67183
67183
58674
17816
17816
04454
81833
81732
72594
63516
60129
57912
39483
38144
22801
19180
09536
65145
52545
96520
94518
94518
83927
78867
38656
13803
01208
91203
79395
60522
57216
46136
46136
37496
36693
05893
05364
02682
94940
91102
68701
68701
57013
44802
42744
42183
38225
27145
20905
16263
09174
96416
94288
87570
71526
59605
37264
33405
32616
10058
05963
85202
84366
82547
65052
61418
61418
51410
48410
48177
48177
41810
38003
37466
32526
15087
95408
91568
62715
50179
48472
47704
37335
33376
21836
11926
09718
07399
02086
90350
88726
80460
72409
70397
69692
60348
53667
40230
27948
26820
16377
14577
13410
11325
09387
02512
02512
00314
93534
42256
15748
15748
08456
03799
92214
73831
72703
68263
58308
46854
35433
26075
17751
12516
12516
09060
03171
95344
95344
21244
18271
18271
16956
07536
06302
06161
62933
62933
51557
48590
34191
29585
19877
18221
17013
17013
13205
13205
09453
05285
90885
78500
72885
62800
49288
25519
12994
08122
07693
06394
04699
01570
91176
74971
74971
71722
54813
51993
45588
40975
29502
29502
18906
07065
61544
08792
01467
01467
89019
59796
42390
42291
38364
37177
36462
34866
29673
28633
23079
18840
93888
56985
50504
47265
23956
08802
84911
84911
84626
79679
77480
66599
66440
63167
60770
47879
38994
31970
31415
23556
19782
13188
11919
92435
87165
64496
47955
16300
05662
01141
46629
38223
35934
35934
19865
12741
12225
73024
49455
28324
18036
16485
14162
07171
04175
02282
97291
88027
77467
77463
73350
71883
70775
67944
63130
58680
50660
41923
38586
33835
32155
24235
20724
20155
16986
16383
06123
00173
59096
41750
10742
07169
01670
98298
92321
88502
51708
42614
42486
41561
36738
21513
20538
90128
58984
55144
45064
13892
72898
69010
65817
48307
41124
40820
20040
03507
95456
88655
84930
82288
82288
77010
36267
21625
04325
93086
88476
88476
76454
65727
56112
46287
44825
41358
32929
32028
30414
20838
05845
86500
69136
55360
43250
03611
02771
01730
91403
89650
83603
71592
60621
51611
50856
50690
46760
41783
38889
35796
12714
07785
87675
80685
71435
64408
56446
47128
35032
11084
02422
02422
92672
72459
63118
51852
51121
45925
24153
23937
23217
22044
14833
00724
72933
51552
31785
23908
01629
83619
82399
75970
73233
73233
72002
61570
56170
38203
29666
07266
06055
92355
82665
67064
63570
62643
44499
30448
27772
27555
17900
17900
07493
04553
78638
73253
62487
62487
60550
55853
55746
45149
43420
39785
29885
19397
15197
05709
59984
17992
17098
09050
06346
05012
04867
02506
82474
79570
64666
50298
48138
41915
40115
33831
26313
09515
98439
88343
81088
75831
58191
98761
80041
69430
67662
67662
44988
42265
38060
33078
14601
13494
30728
09167
06407
98423
85490
68418
63460
52451
47762
33522
27935
26643
22490
15743
06112
91443
73336
56235
37816
29468
29468
18616
09308
06574
98816
96025
88690
76373
63350
62972
55719
31229
30545
23046
06981
57015
27504
23875
18824
15633
06876
04584
01146
00579
82175
78888
61090
58437
50827
47784
24739
21177
19479
77488
38200
32332
28012
27792
19100
08777
03077
73814
71625
65740
64169
53537
41249
38958
29045
28137
25216
19910
14529
14529
89595
77200
74872
70905
51496
49305
49305
48250
38600
18034
16714
12308
10696
06802
06031
01351
96996
94120
92036
84231
78993
78165
76075
67199
65156
36099
34380
30609
24215
18258
75648
69027
63828
43232
39964
35295
27004
16119
03546
96860
85164
84502
77401
70477
58206
56154
54102
48985
34740
34740
32942
29973
27813
25885
15385
97734
08234
05363
02483
46355
45059
42731
91290
85808
76504
66608
63680
59032
44128
33968
19306
16652
10573
08326
04246
99358
84790
68780
66411
65297
60310
49404
48267
47257
43769
31209
28689
25212
08955
64617
55199
55199
28036
14018
06847
05191
02786
95520
93010
74466
57918
45895
42020
37411
36895
23880
24079
13694
11021
08321
04334
93269
91790
89813
45162
43253
33432
27580
08358
95535
83984
83984
81952
70048
70048
69673
44084
22196
08756
05122
97983
88821
80181
80002
68949
65191
62292
34762
32883
23049
16647
16235
15747
89816
89816
88242
41392
17091
11413
07334
04393
03349
89414
75601
60006
60006
59058
53521
50005
36337
33294
21670
71117
70288
57511
57511
40512
30384
14186
10823
07439
03383
89090
77147
77063
70641
70007
69719
67332
18335
15522
10047
90424
81939
59888
45212
42200
29756
04220
92110
83725
64477
57101
39277
35854
34989
16745
16745
82712
76209
43924
30248
26788
13394
94950
93575
78991
66980
60894
56970
50640
49915
46315
33115
22458
22458
04431
93272
77007
58712
46636
99593
88780
79659
79121
72182
72182
72137
68237
40779
31737
16617
13593
98536
44776
21442
97893
97572
94724
94354
53289
53289
44255
36951
36839
16791
01784
66465
44092
05486
88510
61957
37105
29605
67304
64224
99731
76970
76139
74426
65832
59658
36579
35898
25239
01816
98968
94168
94168
55161
51308
18387
11929
11542
99430
96849
87061
73158
32494
32283
32283
10035
00916
73548
49952
24516
13231
05448
91690
76962
66882
64183
58903
57130
34626
32781
32763
26760
13380
00233
40828
26462
15662
04853
02748
02453
01145
96473
89789
88949
35870
24054
00932
00932
50848
19624
12403
11450
02899
91567
83503
79386
77779
66155
62440
60346
56922
37599
28779
28063
27240
53932
51296
23192
22368
16776
16598
16598
11184
08388
08077
06412
67134
55615
33663
24897
18640
17954
12191
12191
02330
87731
79391
79391
67419
56105
49794
44178
41495
41495
39783
24530
22473
03824
65272
60656
55418
48952
24476
20152
15164
12877
12877
02977
02151
96111
80150
59928
51541
34342
34251
27960
68456
47670
28193
28193
28193
17114
14803
12283
11908
97908
96859
92827
87043
81172
80179
73428
60456
58869
54595
53395
40586
17479
12711
08931
92544
86970
81947
76480
60879
47800
37036
17352
14453
14453
12629
11711
10252
05129
98273
23067
23067
21185
21185
20657
17633
96928
60250
95719
87954
85666
73295
70532
70532
61512
30687
23154
21510
12939
62456
62456
48508
29294
17404
03961
83356
80304
72265
71958
70266
59965
56118
25645
23358
21565
20076
14460
00251
89310
83536
63376
45076
45076
41768
41768
40391
30098
20882
15844
12851
97811
92207
91098
91098
64256
35903
33807
21203
99424
80782
26134
25868
23302
21068
15553
15229
11773
06214
92886
83166
67614
60382
42449
34161
07953
81753
81753
27652
26426
13826
13554
01255
95436
79220
78402
63204
56419
42823
32335
31812
27219
26335
15535
78315
65008
63772
13166
94886
76145
73612
41478
36869
32896
03765
56564
56224
55209
46964
32482
28282
18164
73134
48391
37114
36897
05271
57196
55512
37008
36632
32125
16502
13878
06425
02761
99822
97446
84336
79692
59502
54492
49164
42897
41211
31626
22705
92785
65793
41120
27122
08399
94866
92162
90820
85794
85794
67328
46191
42594
41255
16832
08416
69596
68115
14392
58949
57358
49887
49698
21669
76712
16867
86676
83995
82315
64764
52819
49951
28767
19578
67468
17741
17201
91430
70445
50838
19725
58912
36418
28258
17767
17242
15247
15247
07471
07364
59527
45267
16962
00542
33625
31823
30494
29052
17869
07317
06725
00813
84774
75445
71461
60973
58566
56334
20046
69892
26900
10763
10760
06775
03252
96021
93899
79156
73367
68327
47559
78128
72812
43360
35372
32038
09766
05420
01897
96867
95118
93548
55257
40350
17358
14649
28274
28274
16999
07279
95530
94615
93378
91015
85475
81300
80253
51219
50095
96248
26592
21902
14558
11822
09881
03497
94150
87785
80089
70133
68292
61166
58557
55533
17984
11382
09485
00562
00283
00283
86790
82216
79048
48548
44320
44320
37714
29962
27976
10363
01939
68362
23343
23343
17754
10491
08943
62048
61612
37286
04573
01686
99720
83100
78942
66480
60685
55929
49860
33240
31089
70250
59624
59624
45846
44385
36584
20711
13769
03047
02810
67077
62178
52599
37935
23268
17615
11634
48752
39022
07868
82314
67440
53133
50580
49181
45999
33720
15333
09141
82804
63392
55468
20227
12667
73128
68845
62967
59187
56635
50940
49175
46435
45730
42450
33960
25555
05943
82328
73983
58170
41164
24748
10793
98645
96929
95088
94577
83457
78680
57873
55769
30470
21606
99997
94978
49808
38986
32612
28426
23733
21586
14612
81983
74244
74244
58479
55638
32877
14127
10959
09339
96747
65116
30686
29432
15822
01465
97465
91325
72037
53389
47367
40765
33111
31165
73250
46365
21971
21971
18779
08339
76715
70209
66443
61311
56639
48351
23403
83276
81164
75116
70635
64911
44204
37558
85986
60873
58985
52685
43071
98889
98889
58804
16802
98448
81295
76452
47770
47770
24055
90652
53212
16013
08033
97310
88206
61217
42005
95565
87236
68199
64419
00614
40934
40108
36182
16969
64630
48198
39054
32230
79696
49444
33156
24722
99261
62543
39808
97148
34844
21733
81726
59772
57021
53326
51333
41445
13815
04605
43466
40996
38875
13939
12643
11196
11196
08451
03732
81490
77203
58023
57043
57043
34867
60652
53912
37147
37147
06220
03377
02177
01878
87965
60977
25788
62600
20794
15650
15650
11911
77938
75815
71743
50451
45717
30393
70112
51354
50318
43262
25021
17821
17118
15517
07925
01902
81048
64893
64753
59157
40524
35733
82948
75262
39674
15533
15533
13684
05219
92022
79499
78876
54775
39438
34563
19955
14265
13146
80012
50655
22969
69126
50982
48129
43820
27249
98595
05287
96258
96258
87607
86178
72774
68907
68420
62628
60415
59479
58015
48516
34210
20215
90457
51315
05321
39621
34998
92516
78285
65636
58724
54442
33285
05947
84736
80907
78207
69387
67803
63549
52863
47889
41844
02648
87495
72303
54662
48614
47174
26811
42366
35305
29545
83332
52305
41666
24026
21556
74018
81212
81212
48184
29998
24092
06620
64791
10784
72628
53594
32438
27297
18536
09019
99300
90115
74883
68731
54471
50691
50071
50071
76396
54594
48528
38198
29164
27641
25397
16697
02022
90662
74793
60230
57925
57297
27804
80102
55282
29128
16513
86271
81693
54114
54114
45495
69052
59006
39566
39566
09193
48205
12587
99078
58218
27579
11104
59312
52102
50348
30049
01041
90681
86721
34521
34521
16881
74952
70096
35385
25156
69042
49135
22242
18867
89308
67008
61934
55520
50702
02429
59853
46845
37734
80372
45832
44986
34006
09531
93939
92407
83280
74787
63755
43287
50832
26918
26918
06354
66865
45678
43722
34374
34374
31410
95764
61072
58643
47882
29234
26471
07634
89831
85505
76836
34353
05295
09884
81757
73085
24430
13533
32899
23323
18148
29798
23596
98969
49449
48465
38390
34947
94928
93956
66466
66466
56026
54178
36226
20104
05026
99699
97075
74495
43080
41301
07539
02936
74130
52574
52574
43439
27169
25009
03949
49621
45234
30156
29665
95277
68162
39636
95763
81507
81507
65930
59330
54362
46151
91750
81543
19093
14680
14233
99814
91745
73129
55401
27525
14001
96369
76372
75390
69866
56932
33823
08119
08119
92834
67855
61707
60010
57279
55867
55050
48162
80504
80504
74812
40252
13817
04037
62345
30189
63754
59680
58642
54568
41674
27284
97024
87791
50315
48714
48714
48512
46671
46671
36618
30363
20463
43276
41776
10233
09542
85593
64542
62913
42939
54576
54576
45133
36384
32639
22703
06239
01895
98643
85143
80740
24512
73726
57166
45406
21886
10341
06973
99084
99084
49542
33397
55784
55152
55152
37627
21224
04596
71659
64195
62757
45480
43641
00389
90028
83288
37001
33401
07660
04169
90201
41838
34865
15918
13265
12448
94527
94527
89032
66704
38191
37534
31509
25364
25364
21448
03501
85263
69730
62466
39183
78832
56696
42012
30014
99589
65305
32172
13405
38579
30179
19061
04979
54646
45537
00794
39271
16591
14719
95305
77316
34131
29874
00401
77822
28584
13022
08717
99580
74501
55173
34853
94004
79834
79400
47002
40723
40363
39283
20228
03609
69706
53595
51348
50407
92504
78566
76992
38496
28213
19248
18709
91026
89337
43662
25011
97665
73706
40100
10991
07391
83759
87928
74254
43964
22456
93613
80941
71621
55580
52854
33065
63242
52298
88692
88090
84643
46449
46449
26202
21835
44428
41654
41654
27473
23249
14724
10225
09816
06749
94686
94601
94233
76937
61932
58745
94984
68996
34498
20450
13498
08180
96099
94839
82243
82243
72743
52932
51610
93532
22904
11452
91758
73620
72254
71238
71238
70149
60123
59365
40494
33745
76994
49489
43931
40619
13634
96234
61754
53632
14315
87478
82582
81238
43621
43621
31078
17996
08998
97953
57260
57260
56405
56405
46617
03368
43423
42536
20112
05028
76431
47853
86846
70286
62812
60624
44969
36892
34553
31406
20950
20950
97782
47109
31493
27669
85738
55624
46052
21050
21050
75420
72159
49407
46115
31575
18945
94479
62168
45901
25489
18001
73325
70392
23313
89858
26207
46626
13827
03448
81454
66908
44173
21788
55308
23045
06928
69822
68186
43784
74586
65364
27235
16419
92006
90998
73132
40598
34037
31061
94070
92620
90389
54849
54470
27365
78994
70834
69465
65108
59348
57256
56722
48272
32554
85476
77580
38790
01756
88862
53582
24248
03951
74973
59305
94824
93074
87314
84288
65764
41234
38548
09683
05268
54558
54558
28911
14223
89648
43900
43900
19366
03073
88753
70089
56892
55993
23705
63792
67236
98894
90930
47261
35440
34241
21707
21041
03101
99675
59805
56030
21981
19935
15365
07184
99898
99898
92002
42082
36369
32756
29444
24418
53160
14487
86208
72738
65816
43429
22828
77525
36805
15505
89800
89800
51143
44900
27959
15503
90923
61919
34242
33803
50137
29941
25144
80597
53880
51831
40410
17277
13470
76082
01371
97460
96115
44778
34554
39512
34358
18017
93462
74630
67779
73120
60514
48199
43354
35599
23348
94371
85895
94290
22128
16596
79797
75310
54840
28791
09597
57875
45347
44448
40756
25002
68697
58919
58919
40859
14944
74080
61462
37040
17062
06454
03241
92193
47841
45243
09681
99796
95056
90748
67248
47528
32287
27218
11208
80675
69450
19362
77909
55493
54569
44414
41308
40568
40568
20654
77784
35025
07005
91532
70050
09807
89115
56507
24076
48729
25465
97230
62696
52271
24839
17999
70994
70533
36114
30095
99356
91438
76558
62968
21022
08797
26277
91968
59714
51362
33283
07939
02395
47226
71918
55097
21555
48511
61899
47634
39759
30177
14370
59881
29749
25429
10741
79518
53245
16765
83284
78894
60491
46752
40067
17532
17532
98134
97400
53953
52582
52582
39771
89673
66845
36525
57412
35352
28706
17676
05892
05892
93583
36883
14610
93916
86118
70437
22095
17045
96236
18202
06331
97716
14730
03992
62857
59401
12662
82488
82488
64284
56979
32142
20622
95808
63143
53303
52274
35928
08982
05988
63707
53570
16096
08048
85916
82606
63109
54793
19960
94389
67365
32406
81486
72432
62875
61267
39818
18506
09054
06986
06036
94311
55564
55564
52982
40240
20081
14849
87325
17465
56887
51847
49294
48442
89362
82167
69860
60360
10563
35773
12974
11293
42252
22132
05090
68715
65303
87526
66757
66757
60997
60166
57008
53926
49078
15097
14252
42369
50959
90818
70615
38731
84638
60377
34997
28121
22396
65390
65390
16672
00523
98085
76456
52936
13234
61791
51306
42755
27995
72076
59953
56486
56268
06252
04707
76105
47785
62471
62471
56484
25104
19967
02615
82659
46319
46319
45889
39934
33361
26150
20920
14588
94061
57845
43413
10941
70027
63187
37267
99835
94140
46407
10983
71189
63893
33653
32873
22889
72940
36470
35121
88387
87466
62578
45778
66277
14761
61191
40638
34518
72731
66971
56522
20459
40794
75862
71128
69841
40918
94822
89091
89091
04328
38263
04869
95186
94674
93055
59394
77904
72593
45629
43553
32093
29214
29214
28733
02705
61869
81346
64186
20869
15109
76151
55151
29951
62607
22722
18935
92494
87520
10940
89853
77059
57403
56805
53606
32426
07658
32820
95692
48941
95725
68922
42198
08912
01114
75682
75682
68599
64711
48136
94142
78061
53472
46561
13925
30837
77123
74483
55700
48899
47483
90598
64329
54048
40536
10134
99554
70182
80741
56261
50249
49541
28150
24508
22520
18381
46089
07882
49969
20484
98525
94134
75486
71375
54816
34103
30834
03426
83855
50687
63728
58552
45680
15932
78842
46737
15579
12811
51390
17130
76568
95928
92217
79660
56331
51233
28713
88724
78703
74314
65383
65383
21394
47855
39970
08655
85273
88764
66807
31405
22269
83627
77411
67667
62411
49187
10811
48459
37568
18784
15849
96918
60008
54127
54127
31698
21698
48535
93920
87953
87953
86609
65308
52348
20609
11740
75904
26415
82436
74266
74266
57526
26266
26266
97962
88858
75010
39399
63157
87265
94880
87599
48791
25828
17639
80055
61635
33208
99006
99006
91123
64692
07188
82795
70493
47920
32454
13046
07709
78537
78537
53417
44925
44612
42106
04207
59874
45075
32615
46369
16828
01821
83941
80867
80648
80411
75947
56387
46658
27002
90729
75726
93673
89893
89893
76822
15574
73401
59499
42070
27315
15626
70317
39666
98835
81464
40732
33102
22068
15325
03678
89517
39065
91339
91339
53416
40868
40868
22762
50139
50139
45676
22212
13777
34257
93623
83183
60314
60314
55108
30233
06170
83295
68514
46739
27765
74638
61900
17276
04333
85985
42910
86426
71371
34664
80916
69115
69484
86801
72233
98767
81322
34858
96133
77989
64376
23294
17037
17037
69805
40105
34941
98099
90864
64643
34074
30288
10523
87361
38257
80470
97639
88015
70338
63138
56451
37860
90941
94085
82048
22459
05769
01923
73923
10288
02572
89836
83593
69228
66255
34633
32812
28153
57887
24887
03858
03858
84459
05176
01294
98569
75349
52407
49774
89465
32181
88051
84242
47227
03235
40509
80033
31703
25133
12940
08333
90233
96559
90943
66664
58052
56584
50266
74997
74997
94032
89197
56257
41677
35262
25297
23508
11754
79077
79077
94739
42851
42851
36539
28811
25379
90580
49511
85702
73136
63994
09142
83590
83590
75699
41139
91999
48868
73074
95184
87992
83333
52720
51353
14789
06590
04613
85253
84110
41517
77629
97167
79320
97271
65402
42671
37178
12407
55767
74588
92945
59613
63619
34372
06057
93379
62035
36355
93017
74117
47321
24228
16152
33650
93815
67218
36558
15157
08124
75126
99434
15203
06770
78843
78659
45471
09478
94685
95906
81917
17498
17075
04098
87341
87341
74030
52494
96307
81691
76676
38491
61243
33973
61473
57205
66336
60104
48743
67617
82597
71032
51825
51825
51825
77392
77131
48914
34291
80563
77178
64637
88790
78202
78202
61903
25236
12618
85269
45606
38005
26949
78532
69218
14020
44915
31545
62134
59461
84120
78545
63090
62961
19143
35033
35033
30844
25049
21173
65645
80203
99035
47679
10635
93878
09926
86817
94631
59556
63757
58239
59585
80419
77652
66019
04314
81593
51113
12053
05033
54593
96424
89647
48212
86280
05816
88574
81241
69721
58887
25165
90875
96214
41053
84993
47454
56082
88637
77851
62371
15994
98437
54697
54697
43958
95964
85561
85561
65937
83159
80303
62759
33074
13302
08063
49611
47552
01486
01486
60183
60183
36950
99765
33255
72422
58651
41384
18575
18575
96756
22170
15519
95681
49421
41702
40769
69065
90751
32516
24922
48064
24032
24032
84302
28821
28821
96659
18024
18024
12563
09659
83562
69635
57642
91657
97489
96070
33795
73598
21028
12631
06813
90120
13626
13626
48704
98122
16522
52570
42351
24783
82188
33793
22710
07610
95382
26495
00769
42616
89421
68341
52990
24608
01538
60787
54242
19682
41635
31962
26635
82169
16742
06184
02319
68887
87817
74208
10766
09276
83710
58597
34451
90083
86298
11595
89377
87116
54982
82473
48699
23190
93533
87055
73793
43906
42515
07083
59521
69842
56664
43247
70343
44713
35374
90283
88122
16527
56801
35558
08657
33054
85471
98222
43837
19925
45323
31880
60599
47926
71889
71617
47820
80274
70136
60341
12944
73027
65529
57202
41444
06488
29124
87670
75863
14598
60572
46177
67745
90832
97320
56630
50719
22167
17842
94653
44495
44334
94887
92452
79008
78371
32840
24707
19752
62447
90742
41150
08230
08230
96801
82518
41361
37035
06632
93818
79392
46227
28735
72248
44766
44766
19896
77045
94306
81046
71683
46312
11578
08290
93035
74430
12435
96037
32677
49740
34734
92879
74639
55828
46922
27914
34818
27291
86008
86008
22653
21502
82071
75237
74893
46797
31274
31274
56429
91190
92866
11746
17619
79501
35238
99507
95468
95468
38134
55374
65442
21325
20472
04265
71949
69417
60754
34120
31882
05971
68797
30852
25590
85700
82464
64275
01726
01726
02589
17997
17997
96208
81427
61346
48104
41424
09427
09427
58181
49349
38681
26009
84843
89128
84574
49471
12082
14569
72492
30205
79619
79619
14603
95377
90615
72845
43809
14032
03508
32642
98095
98095
24737
21048
21048
28192
01762
59203
17540
17540
17540
52886
50447
77176
70640
43267
08830
99245
55503
67147
49448
45604
22175
26490
70960
06209
57005
69946
19426
87417
79807
55881
44727
49501
33326
09757
37254
70274
44931
80684
73702
80353
80353
25433
60927
90061
83327
50327
18140
68025
40815
22775
10932
05466
82119
81630
27210
86777
52277
51446
68325
51016
25508
97791
82491
58816
29931
29931
74439
76524
99252
80219
05514
82537
35529
68932
27570
88061
61948
32165
30327
96495
89184
88489
83378
51743
46799
26303
06503
67861
25299
52383
39018
00941
93677
67464
30112
30112
96616
84548
09370
84723
51095
90336
26236
75280
06587
14115
35302
26348
13174
12181
30921
19761
17046
60992
60992
60905
42615
01906
48932
59661
42817
61165
33145
89015
93394
36933
48283
72919
55327
29047
96594
18107
03884
08739
06769
21919
29010
43838
09710
82389
72825
72825
01954
56059
95733
31911
70344
27637
11724
48850
44039
29310
35388
98634
82068
41034
49661
35261
32241
67087
38103
02973
35676
05946
49827
81958
37126
09910
01994
80757
55496
22471
16711
89931
59460
89884
10901
43604
39880
19940
90303
14955
55873
13958
93385
76307
01009
71854
21934
98703
03027
56487
38883
54486
54486
45449
91172
82053
40360
33898
07063
15135
15135
98882
21189
21189
42011
75975
16304
04076
56728
14182
14182
82701
52468
48912
27567
39351
98333
83393
81520
49931
40760
78702
55715
78601
73334
73334
46201
57513
35665
16496
03099
91277
37188
34646
20620
15465
21651
95041
23437
93837
65079
21693
45364
45364
72170
93932
62806
07273
56705
93510
29609
84969
74962
60451
58767
08408
04204
80593
69793
58881
23759
18918
81042
62940
15765
41779
66213
66213
66213
31530
46156
36785
04244
54548
27274
13663
57294
28701
68185
68185
51024
25512
10610
05315
52087
15945
39938
37135
96508
94769
82253
89292
89292
55172
13819
30421
82751
60842
36142
32581
20197
96733
60477
65162
90355
88733
96127
20311
17392
81244
29349
86018
83747
17456
98348
07609
60872
61301
35104
15274
07651
10970
91246
76510
79416
79416
49867
27575
26472
49961
44120
85254
71045
36201
17744
04436
27725
26616
13308
74596
50243
20843
83175
77210
94569
43017
03351
71695
26808
77630
56253
01123
86502
21071
89134
65209
50535
09032
04516
03387
61435
12353
39305
81178
29198
74118
47418
88063
74514
94858
66551
72829
97701
36896
62154
28775
45797
41508
92240
56497
48031
11530
86475
69060
96684
01163
50732
31401
29926
25366
10467
06978
86189
86189
59201
19601
19601
78404
37472
65721
48846
96743
53063
25586
68137
46840
76758
76758
45357
90714
24591
09448
04724
35743
79628
42661
85464
85464
44498
66747
38973
96633
32211
80799
42948
92711
44878
46293
21618
24020
78738
77545
75663
72060
73222
39633
38816
04852
65502
30325
81668
22819
10953
67928
72780
78272
87838
48667
13387
47307
51041
15821
94614
85190
66935
25683
95533
82756
31798
17206
17206
80718
04948
03711
72041
44532
44532
22266
15977
15977
60613
12370
55665
96529
70033
28129
62679
01249
23389
16081
70053
11241
86213
56534
22482
80405
84939
93299
70859
28451
90502
90502
73261
71398
56902
15108
80467
50389
28727
45769
32734
32734
21403
50717
20432
34479
11493
72157
72157
65137
28957
12790
26817
17906
15396
51320
39029
39029
89390
78058
53707
35924
03867
84282
49803
41312
32225
15468
15468
11619
07734
92952
89279
63161
25780
81207
58095
58095
38670
72296
45115
38730
96617
10408
97508
67028
50271
36316
31224
85206
39649
28534
36484
32675
73587
27363
26140
99869
74281
10552
49438
66453
02642
94968
71334
47693
31704
24833
06605
73864
73864
95534
89389
35829
91907
23886
80662
51441
22423
75461
48137
44846
75183
60674
81778
86363
76966
79361
77113
87488
69907
69907
24606
47635
01373
61515
76552
35386
53079
53079
49428
57414
80459
80459
20595
51718
41190
88855
57666
53547
53547
78938
94323
52174
96670
89765
39817
37773
67152
50364
20985
97930
56293
36374
35225
90935
21135
92994
68304
51228
40571
34152
26771
53542
14230
45728
05716
99353
02866
18499
17196
99791
21495
69072
65753
31526
20146
11576
05788
04341
93145
01451
98051
41267
27227
27227
98463
14470
78354
24463
27341
81256
11672
88598
39393
95502
63844
07295
61026
47883
29180
51065
98804
32098
04413
24803
44857
55442
20594
44130
33557
94784
23696
53539
53539
47456
76492
07405
35592
87169
74150
59320
41468
04461
02978
37175
88980
59480
29740
08934
07445
83272
10423
57759
83384
71664
68197
26874
59720
02998
85318
85318
98142
89580
57993
77428
34063
52255
74950
68573
50558
29980
68218
56506
38818
85609
25381
25381
03022
77948
58461
36264
97435
54797
43297
19643
58929
82242
82242
73104
28709
28709
22845
57418
03062
63966
69983
38275
19799
68895
59397
87638
64457
16841
04629
99227
01549
75607
10801
23145
88087
44167
09294
75901
30980
46470
17039
49888
23295
03118
68156
04677
28062
51249
52666
52666
71581
84618
34298
40534
80719
43876
28278
71438
98973
26639
77371
53278
31660
31660
23745
94980
69652
90886
38328
08005
80050
03214
41522
14481
35222
16070
16070
54298
48210
33789
16130
35398
06484
64903
64903
58284
80950
74213
54638
11333
90664
81050
79429
64840
45332
97140
62907
06508
06508
46429
43929
43929
91713
54842
89155
59237
03274
71588
44199
88398
81850
91672
55318
98220
74842
06628
03314
04971
85277
81193
06652
99420
49710
94931
57995
40008
10002
05007
60569
18293
73172
75105
67117
18337
36718
48053
48053
38249
63422
38387
13544
06788
82957
11851
42425
08485
91746
11879
11879
83251
76455
59465
27344
06836
03418
71767
44122
37378
30762
08545
32243
39031
71778
03442
88868
27568
93042
52607
62641
34460
24122
55456
03466
56859
10398
84917
34660
97048
24262
36393
27856
05223
79853
27952
26115
29461
49967
08735
76604
56096
28048
26205
45266
52410
10518
70643
10554
08795
66386
49252
50489
77396
58047
40319
54157
05331
95958
01787
21396
01789
87367
58641
99848
08935
53490
85872
33763
26835
46358
46358
75054
62545
81742
33877
82673
32418
21612
67906
27015
54030
37821
82202
88739
81495
38031
19921
76062
73103
73103
03646
66193
16407
27345
49437
05493
09155
76902
64085
47606
71409
83858
31127
07388
99738
66492
22164
55410
77574
14888
07444
31399
83745
29872
14936
22404
03742
01873
40942
40942
56010
56010
31637
84195
37460
03758
70718
09385
22548
20603
84465
37580
35473
84555
28185
63614
63614
95421
63682
51003
51003
11334
73281
94450
43079
18890
57877
35701
71402
83116
09505
71782
58249
51489
57030
43447
93443
86894
69449
41822
85815
91824
54781
38260
36119
62931
49582
57390
99269
99476
32521
07732
03866
88783
94619
77240
77240
19330
77941
17541
31216
05853
23412
29235
95599
85756
42878
42878
33133
37069
83033
31568
03958
98950
51298
07948
21769
95376
95376
87076
87076
79991
47688
99350
83893
89415
17937
91697
91697
87428
71892
57217
11982
11982
59790
41853
32048
96144
36054
25961
32176
84126
70105
72396
45839
33983
10055
67966
30165
04034
42231
45977
10085
93013
84714
70595
32432
16232
62093
85699
85699
20290
44594
82123
46621
44858
67287
79521
58841
38741
82120
55701
67749
53378
55863
24828
24828
72205
82760
53638
08324
16664
24972
10405
94898
70346
18783
93735
25044
72905
83560
54106
20890
39539
33584
18891
52475
37782
10495
95726
27287
33776
96094
52775
25332
10555
60581
14777
31695
71774
08524
57537
53225
12774
51144
42580
95895
63930
51288
68512
77076
51384
38538
78107
77148
74795
74795
40489
97934
61741
36431
81358
72862
30142
04322
77796
47366
98578
97245
66371
84279
26148
98055
35248
67549
22030
11035
66090
17704
39834
44260
86073
83714
48686
11105
83866
83866
33315
50761
31094
02237
17896
60399
20133
04478
40266
90323
13434
13434
11195
35888
26916
78295
38029
24673
94542
99044
02267
90680
22730
63644
09124
02287
45620
73184
41166
96793
45740
61911
61911
59306
80045
18376
91720
70339
70339
50446
43453
66149
50534
38981
73888
89583
73952
64708
96978
30043
43871
53153
09332
23330
09356
63153
07023
84276
60658
23410
70170
09388
02351
99287
51458
93880
60814
91221
39763
14106
91299
39797
23510
35265
18856
21213
07071
70530
67657
61022
28284
14142
30563
23570
14226
94840
35565
07131
57048
07143
78243
35715
95320
02393
09572
21537
92937
80954
71790
54763
90782
83965
79167
04822
04822
36165
79563
58152
67844
41089
77984
19496
65799
04882
24370
14646
51177
85295
09788
80421
48940
31733
80553
34258
78688
39344
19672
61475
29508
78944
07401
90169
95901
79136
70963
49460
59448
74190
41939
74310
52017
93746
84218
67581
76787
76787
62575
60072
95114
90756
75630
52941
20248
05062
02543
02543
32903
81632
76290
10204
30588
15294
45918
33059
38235
02557
86326
05114
05114
96482
86462
33163
76710
96862
73747
58673
41264
79081
90265
90265
85107
20744
64825
49001
18137
12965
59317
57046
93924
13045
39135
07851
47106
33917
86097
26170
23589
94356
57574
36694
68146
63192
13165
60191
49799
42352
76009
44761
96829
71793
68822
47862
15978
18641
02671
24039
76763
66775
58586
85664
24093
77053
74956
02687
05374
61571
29579
94115
08097
29623
45713
24363
48726
35087
32484
16266
13555
56847
35191
62077
59642
32628
99493
35269
76132
65496
24579
08193
54580
13655
83917
57309
54820
02749
92854
08247
98964
88096
05506
41235
16518
19271
90717
99612
27670
27670
88864
88864
08331
61094
69725
55780
85777
19537
75519
83730
02801
33564
89632
11204
78316
50418
97895
92301
98035
80881
76113
62018
86893
90656
11332
11348
25533
70925
17022
84990
36829
99295
96458
17106
17142
51498
57220
62854
54283
54359
11516
28790
46192
88691
88691
63338
51966
60627
02897
14485
20279
11612
78381
83491
17418
14515
29090
20363
26253
26253
87510
08781
17562
14635
49589
29270
76102
67321
02953
11812
79731
59060
35484
23704
97449
53334
35556
02971
32593
65186
65318
91543
68149
02999
02999
17994
14995
41986
03011
98967
06022
81297
09033
68977
72456
54342
24184
21161
45345
99627
21287
93713
76225
45735
85372
51697
24488
12244
94147
30610
06134
52037
49264
03083
52139
30790
55494
43106
88769
24712
61780
70817
95449
24872
65289
99808
77975
74904
31190
87388
28233
15685
28503
28503
15835
03181
25448
53839
53839
89068
76584
95610
66927
70202
51248
82966
80075
48045
96090
35233
67389
06434
77208
32210
32210
77496
77496
83746
61123
54757
35519
93293
52048
09777
78216
84578
55301
94511
46186
36289
42913
82825
75923
59742
26584
72886
39876
95729
66460
62947
06662
83225
09993
33310
99930
86554
06686
20058
26776
63289
96367
20082
43459
70287
80616
10083
80664
40332
47026
33610
76981
13492
06746
47222
77303
74206
57341
54224
13556
23723
20346
47446
97817
64391
30663
68140
51105
13652
30717
10239
85325
20478
44291
03433
17165
13796
17285
34570
58633
69220
34610
20778
27736
27752
96964
89882
83208
41604
65759
58871
58871
94257
55984
94473
24493
97972
48986
76978
31599
31653
84408
63306
24619
24619
14108
31743
88175
24689
14132
14132
63594
38797
38797
03539
70660
70660
56624
14164
91754
59959
77726
74319
14188
74361
70940
96039
10671
85368
10677
81443
24899
24913
92482
57136
64278
60503
60503
74991
89525
89575
89575
71620
46579
35930
39523
50498
28936
97659
72260
54195
75873
47021
50722
43572
43572
39941
98361
91075
80014
14636
91475
54885
51226
76839
03673
91775
91775
36730
22062
22062
80762
40403
25739
80894
99657
69863
29576
14788
36970
55455
66618
51758
89016
03719
89256
11217
26173
03761
94225
94225
45228
26369
18845
56505
52738
90696
45348
71611
22782
26579
53158
49309
98618
91272
07642
11463
68778
19105
22938
07666
91992
57495
72637
72637
15388
34623
15412
92424
88159
69354
26957
84634
38630
31016
58155
88849
77620
15556
70002
65909
46668
42779
78140
58605
85954
62704
97925
23514
31384
15692
82299
31448
19655
51077
51077
98575
74689
11841
86834
74993
71406
43637
07978
47868
79780
87758
20005
80020
64112
80060
28021
28021
28049
44077
68051
40130
12057
80420
56266
44297
92483
64784
24306
44539
97368
68867
04073
08158
85533
65488
57302
49188
69547
77729
69581
73998
94277
45221
04133
41270
24774
24798
37251
99336
70159
28973
91058
24918
24918
12477
29099
29099
91498
71009
29407
58814
04211
33688
21055
29477
88431
46409
67664
21145
29603
46519
88851
08482
08482
97267
17036
12777
08522
55289
21305
63885
46849
80807
17084
93742
72437
51276
29897
89733
17132
85660
72641
34312
81187
98279
08594
47179
12891
98647
04327
64905
64905
39033
69424
78066
26034
26034
34792
91329
95678
04363
43570
73933
82631
52356
87260
91623
82783
82783
52692
65865
96734
57161
70736
17692
66345
61922
97306
22255
31157
71312
35656
26742
57863
44630
84683
40329
08966
53796
98582
98582
98582
72112
18052
67695
09038
54204
18092
63238
94857
54276
22615
94899
72784
81882
54732
91220
73072
95781
50171
77537
59371
73456
09182
55092
73552
73552
69045
69315
60073
18548
69585
23215
69645
41859
41859
32557
78931
14019
04679
93460
65422
70185
79543
70365
65674
70545
51733
42489
75568
18892
18892
09446
56676
33061
66122
94580
23665
94660
70995
14253
47510
76144
42831
28554
76592
23935
76816
86382
81379
91067
77008
19252
77072
14451
72195
52987
09662
81889
91523
28986
96620
82127
38888
97220
38968
78032
19508
19508
29262
78448
14709
49030
73545
63739
78704
14757
29514
83453
14799
83827
54307
29658
24755
44613
64441
89406
59676
94373
09974
29922
79888
09986
44937
54857
34951
05003
84779
20012
20036
70042
80176
10022
30066
55121
40168
60276
75315
50230
60468
70546
55429
90918
25255
80944
10118
60708
70826
65767
45729
66001
66053
05099
40808
86479
30594
81712
40856
71498
76695
86921
05147
05153
41224
56617
51530
97793
87601
77505
62052
36197
98173
98249
36323
67457
25985
98971
83632
47043
41848
62796
83792
10474
31422
31422
36659
99313
68029
68081
42088
47349
47457
47457
21116
84496
58003
58003
63372
73906
58091
89743
05309
53090
74326
05323
10646
95814
79845
85328
10666
63996
96318
32106
53510
43048
16143
16143
96858
53810
70031
86512
37849
05419
70291
16251
43352
10838
43448
48879
10874
10882
10886
16329
65316
81735
87536
27385
71123
49347
32898
71227
60313
11002
22012
38521
88304
11038
16557
33114
33114
44216
11054
99486
11114
38899
61127
33378
89104
44552
50121
72319
55690
44648
33486
89456
72683
05623
78722
05639
05639
45128
67668
78974
33882
28255
79114
50931
39599
39613
22676
17007
62359
34098
05689
34134
91088
17079
96611
62579
51309
05737
05741
91856
57370
51669
80318
80402
28745
52047
57830
46328
29005
29005
29065
29065
11642
05827
64031
46712
46792
23396
70188
75959
17601
29335
99637
52929
99773
64669
76427
53073
05903
41279
59030
88545
82642
05923
88845
82922
65153
95024
23756
53451
17817
41573
89085
53577
05981
05987
05987
89715
77753
84098
60110
24116
24148
84518
24188
54423
30235
12134
18201
72804
97168
06079
18237
91185
06089
73068
73068
54819
54819
30445
42623
85414
18339
67243
91815
24524
06133
98128
98288
24652
74076
80249
99152
55791
37182
92955
92955
37218
62030
24844
12422
12422
43477
12434
18663
43547
93435
87458
12514
75156
31315
31315
50168
25084
43883
87794
94155
37722
31435
88186
06311
81887
06317
50536
50536
44261
75948
95055
69773
25412
82459
63530
82693
44569
50984
57411
44723
44723
06397
51176
70367
06421
44947
70631
12898
12902
90314
83837
32345
25924
32405
51928
58419
77892
58689
19563
65290
58923
52408
13106
39318
45871
32815
98445
78828
98535
98565
06581
46039
46039
72347
72391
26396
13198
98985
26476
59571
33095
53096
13274
46459
53224
06661
06661
33295
33305
20019
46711
06691
60219
66890
80412
60327
80436
73711
73733
06719
47033
20211
94318
20289
20337
74569
61119
54344
34015
13646
47761
75053
88751
47831
88777
13682
13714
27452
13726
41214
96166
75559
89297
20649
41298
06899
96586
55288
13834
55576
62523
06961
34795
34805
69610
97454
76681
41898
48881
97762
55928
27964
28076
49133
14054
91351
84468
28172
35215
21171
07109
49721
56872
78133
49763
64089
35605
14258
57272
42954
14354
14354
86316
43158
50351
28828
86556
21657
86628
43374
43422
43422
14494
50729
43518
29132
36485
07307
14618
87684
94991
95173
65979
21999
29572
44358
07411
29644
14822
44466
22299
59608
59608
14902
67059
29828
29836
37285
67329
59896
22461
37445
37445
82357
22497
37495
45042
07529
15098
90564
45294
90708
60584
15154
90924
07583
15178
07591
22809
53221
22863
68751
68787
53473
53473
76490
53543
69057
99749
15382
76910
07703
38515
07723
61928
69669
23223
38705
77410
54187
07753
31012
23271
62072
93084
93084
54299
85327
85349
70137
23469
78410
94236
23601
47202
07873
31516
23637
23637
55139
86713
39505
15814
15874
31796
31796
71541
79490
96132
56077
24051
24051
40265
16138
96828
16178
40445
40445
16186
16202
08117
40585
40615
40615
81610
16342
49026
40855
16438
82190
98796
82370
41215
57701
16526
08273
33092
74583
82870
33188
66488
83110
24951
58471
08363
16726
66952
83770
25161
67112
50334
83890
08423
08423
67384
33692
33716
92873
68168
76833
59759
93973
59941
34292
17194
34396
94589
60263
43115
34516
43135
94919
69304
77967
25989
08681
78129
78237
69592
60949
08741
08741
43685
26241
52482
08753
70088
79011
43915
35228
88030
08819
70552
52914
53166
62027
70936
17734
79983
26661
71384
35692
17846
26769
35732
62531
98263
08951
08969
89630
35876
17942
53814
98681
17998
09001
18002
89990
54006
09007
63007
72056
36028
09013
09013
09043
72344
72472
09067
54402
63763
36532
36532
91510
36628
27471
73288
55038
91730
27561
36796
55194
73624
73672
36836
46045
18482
55446
74056
55662
83547
55698
27879
27957
18646
56022
18682
74792
75016
18754
18754
46885
65639
37588
65779
65821
47065
18838
47105
75464
66059
66059
66073
09461
75688
47305
56778
28437
66437
95110
19042
76696
38404
19202
19202
38492
28869
48115
19258
48245
09661
96610
38716
87201
58134
96890
29163
58326
29199
19478
87687
58458
29247
09767
48845
97690
09787
09787
19582
58818
78488
29433
09817
09829
88461
09839
98330
68873
59106
98510
78856
78872
29649
79096
29661
19802
79256
39692
19858
09931
29787
99310
99410
69587
69769
19946
89757
80072
50035
10037
10037
20078
90621
60474
10091
40364
40372
60558
50465
50465
70651
10103
30399
30417
10159
20318
61014
30531
50905
81688
71561
10253
10253
20542
20542
30813
51365
10289
20602
30993
93033
93033
93519
31173
31287
93897
73003
73003
31359
41828
94113
52285
62994
84248
21062
63174
73717
10559
52835
73969
84776
31791
31821
84904
31839
85048
85112
95859
85496
21374
53435
85672
10711
32127
42844
21422
21446
64398
10739
75131
96777
86248
86312
10799
43196
75817
86696
32559
65118
21718
21718
43444
86936
32709
87272
21818
10939
87784
32937
76853
54935
54965
88024
22006
88216
44108
33081
88376
44188
44236
66342
44276
44276
22142
99639
11093
33279
66558
66678
89048
33393
66786
22322
11171
22354
67062
89704
56065
22478
67674
33861
67794
90536
56765
79583
22786
34179
68394
34311
34311
91544
45772
68658
11497
46012
34509
69018
92152
69114
57595
57595
80843
34737
57985
11617
58105
23266
93256
46708
35031
93512
93512
70206
70206
46924
23462
35331
70674
11789
47156
23626
70878
70878
82691
35463
11827
11867
95176
35691
95224
59545
83363
71562
59635
23882
83587
11959
59795
59795
47884
59845
35961
83909
96056
48044
96344
36129
48196
72294
60245
84497
60365
84511
96872
12113
84791
60595
60715
36447
36471
85127
60815
24454
73362
48964
36723
36723
85673
73506
49076
12277
12281
85967
12323
36969
98776
86401
86429
12377
61865
37137
12391
99208
12409
62045
99464
49732
37299
74598
24874
87059
74838
62365
12491
62435
24982
24994
50012
62515
12511
62585
87619
12539
37617
12583
37749
75498
88123
12601
75606
63095
25282
88487
88697
63445
12713
63605
12757
38271
63905
63905
63955
64045
51284
38463
76938
12829
12829
51316
25658
38487
38487
51364
77046
25798
51644
51676
64595
38823
51836
77898
39003
39009
91063
26066
65215
39147
52252
91441
52396
78978
26342
52748
13229
53036
53036
53164
66455
93037
93079
26618
39993
53348
40011
66685
66695
40143
40143
80286
40263
53804
67255
67285
53852
26926
13513
54308
40731
40731
54452
27238
95333
13633
41043
27374
41061
13691
68435
54772
54772
95837
41127
41127
54844
27422
82266
54892
82542
13763
68795
68795
27562
41343
68905
41421
96649
27658
27658
13831
82974
13841
41523
13873
13873
83238
13879
13901
41709
27814
55732
83598
41889
69815
41901
83802
41997
42027
28022
98077
98077
14051
14057
14057
42213
28174
98581
84522
70535
70765
70985
99379
56972
42729
99701
85494
85758
86046
28738
71935
57604
28814
43257
86538
72235
57916
28958
72515
29074
14543
14551
87342
72785
87366
58364
43881
87774
87774
73145
73195
73195
73265
88278
29434
88422
58964
44223
59068
73895
44439
14821
88926
74105
59372
29734
89202
89214
89322
29782
74485
29858
44817
14969
75065
45159
15077
90498
15107
90726
75655
45483
15173
45519
91302
60908
60908
45789
91578
30574
91794
45987
77005
46281
61804
30902
77255
61892
77365
92958
92958
61988
46491
31082
46707
15581
15583
62332
62332
77905
46803
31214
15629
15641
15643
93858
31298
62668
47013
78355
31358
62732
15731
62924
62924
78665
63044
15767
94602
78835
15773
31574
78935
78955
31594
63212
94854
15859
63436
79405
79445
63604
63628
47769
79615
15937
95754
31942
64228
48171
48171
16061
64244
96402
96546
48291
64892
48669
16229
97386
16249
81245
97518
16301
32722
65524
98502
49281
65812
82255
82405
82405
65972
82465
16519
82765
33206
16631
33262
16633
16651
99894
16657
49983
16691
16691
83455
33482
16759
50289
84115
84115
67316
16843
50649
84515
50781
84815
84895
50961
68084
85145
34066
68428
85585
34246
34318
51477
51501
34378
85945
85955
68812
68828
86035
51627
51627
51693
17239
17239
17257
69172
86455
86465
69284
86795
34754
34774
52161
52257
17449
17467
17497
34994
34994
70076
52653
17573
70396
70396
52797
17609
88045
70492
17657
52977
17683
88645
35494
53349
88915
35578
53511
53517
53553
89255
89315
35762
35782
17903
71716
71716
17971
53943
18049
72196
36098
90235
72308
36178
54267
90445
72476
36262
54393
72532
36298
72676
90955
72844
91055
36466
73012
91255
91285
91345
36578
73228
54933
73364
92065
18443
18461
18493
92515
37046
37082
55749
92915
92935
18593
74372
55851
18679
93395
37426
74924
56229
18793
18797
18839
18917
75676
37894
19001
95005
76036
38102
19069
57207
95345
38158
57363
19141
19157
57471
19163
76724
19211
96035
19249
19273
19289
57999
57999
19429
38858
77828
19463
38954
97415
19507
58623
58827
58983
19687
78788
59151
59181
39502
79012
39526
99005
19843
99205
79468
79676
79748
39946
19993
20047
60153
80404
80516
40294
60699
81044
81076
60807
61059
81428
20389
20389
61233
81764
81908
41086
82196
61797
41278
41414
41438
41462
20749
20753
83036
41518
83092
83236
41698
62547
83716
83932
62949
42022
42022
63033
84052
21017
84068
84068
84076
84076
21023
42118
84572
63471
42374
84884
42566
63939
42634
85364
21407
21487
21491
85972
21503
21647
86588
21649
64947
43366
86948
87028
21799
43598
21821
43642
87356
65517
43682
43702
87452
43726
43742
21893
87716
65787
65811
65829
44054
22039
66201
22093
66279
88436
88436
66327
22193
66831
44582
22349
89564
89564
44818
22433
22447
22469
89924
90556
22751
22853
22861
68631
91628
45814
68829
22961
45922
91892
68919
91972
23011
23011
69051
23027
69081
92228
23081
46198
23131
23197
23203
46538
93164
69873
46654
69999
46714
70293
70593
94156
94196
94268
47162
70779
47198
94508
94516
47338
47342
23689
47438
47482
94972
71229
94988
71319
47626
95324
71493
71697
47818
23917
23993
24043
72339
48242
48266
24179
72591
96812
48406
72843
97436
24413
24421
97996
73527
98524
98636
49498
49534
49534
49598
74553
99508
99668
99772
75111
75111
25057
25111
50242
75363
50366
25189
50486
75729
25261
75783
75909
25339
50686
76071
76101
76101
76227
50906
50926
25537
25561
25579
25579
77223
25759
77277
51638
51682
51806
51862
25943
25951
25999
26017
78087
26053
52106
78321
26119
52342
52498
52594
26309
78963
79017
79071
26387
52874
26489
79773
79899
53338
53374
26717
26833
53726
80637
26891
53806
53894
80943
53974
54062
27059
54286
81537
27197
27253
27259
81843
81849
82011
54722
54898
54914
54974
27539
55102
55166
55166
27611
55262
27653
27743
83253
27803
55618
27823
83481
83481
83649
83751
55894
56038
56102
28057
84243
28097
56194
28111
84489
84543
56438
56458
28277
56614
56618
28349
28351
28387
85161
56806
56858
56986
85479
57146
28619
57242
28697
28703
28729
57458
28753
28771
86379
57674
28879
86763
86883
87027
58042
58042
58066
29063
29173
58502
29363
58858
88311
58906
88359
88419
88503
29569
59146
29581
88797
29629
29983
90087
30047
30109
90543
30259
60538
60682
30431
91407
60982
30493
91527
61154
30649
30649
61414
61414
61514
61514
61514
30817
30869
30983
31051
31063
31079
31151
31159
31183
62474
31321
62642
62654
62666
62938
94467
31513
94593
63374
63398
95097
95169
95223
31847
63698
31873
95649
32003
32027
32029
96081
96153
64126
64138
64138
64154
96249
64234
64474
96783
64642
96981
32359
32371
64886
97491
32531
32531
65066
97737
32587
65386
98079
32713
32717
32771
65558
32831
65686
65834
32957
65938
65942
33023
99087
33037
99213
99219
99321
66226
99339
66382
66446
66698
33359
66754
66806
33409
33457
66974
67058
33577
67154
33589
67202
33629
33721
67514
67546
33911
67874
67994
68038
34127
34253
34283
68702
34369
68938
68966
34487
34511
69334
34693
34703
34721
34847
34883
69878
35281
70894
71206
35677
35747
71726
35869
71738
35879
35911
71822
35963
71986
72074
36073
36161
72554
36383
36571
73174
73394
73426
73442
73534
73642
74194
74194
37181
74546
37337
37409
74894
37561
75178
75434
37799
75622
37871
75758
37889
76138
38189
76394
38201
76478
76606
76634
38371
76918
77218
77342
38677
38723
77474
77834
39019
39041
78454
39241
78634
78682
39409
78922
39509
39569
79418
39937
39983
80462
80554
40459
80942
40543
81182
40693
40751
40763
81602
81658
81682
81866
82102
41057
82114
41081
82162
82262
82298
82322
82378
41213
41263
41389
82826
82906
41849
83758
41893
41911
41911
83822
41983
84178
84262
42181
84562
84782
84886
42461
85142
42683
42797
42863
85846
42937
85906
86006
43049
43093
43103
86206
86446
86566
86626
43399
86798
86882
86882
86914
43517
43577
43579
43691
43787
87574
43801
43933
87866
88082
44053
44053
88178
88258
44179
88402
44279
44281
88586
88906
44497
89098
44633
89266
89294
44699
44771
89554
89734
45139
45181
90466
90466
45263
90586
90686
90686
45413
90878
45503
91114
45641
45659
45659
91558
91642
46049
92294
92362
92522
46439
92878
46447
93046
93118
93118
46591
46619
46633
46663
93362
46861
93914
93986
47041
94102
94114
94286
94378
47221
94502
47303
47339
94726
47533
47599
95198
47797
47797
47857
48073
96542
48407
48413
96926
48481
97186
48611
97346
97354
97718
48883
48973
48991
49031
49033
49109
49123
98338
49201
98402
49211
98554
98594
49417
49451
49529
99454
99482
49811
99686
49877
99782
49921
99842
49927
99998
50177
50221
50329
50341
50777
50873
50971
51001
51059
51197
51283
51479
51487
51803
51973
52027
52153
52189
52379
52453
52457
52541
52631
52709
52721
53017
53101
53441
53549
53597
53783
53813
54091
54251
54371
54421
54443
54449
54497
54629
54949
55021
55061
55171
55171
55213
55457
55457
55469
55487
55763
55897
55997
55997
56009
56039
56093
56237
56417
56477
56477
56611
56773
56783
56983
57107
57331
57413
57571
57719
57727
58031
58049
58207
58243
58363
58391
58451
58481
58733
58991
59029
59069
59333
59441
59443
59471
59513
59981
60077
60259
60337
60353
60373
60539
60703
61001
61001
61231
61333
61379
61417
61469
61631
61723
61781
61879
61961
61987
61991
62233
62273
62351
63149
63277
63397
63467
63467
63467
63577
63719
63761
63857
64151
64157
64171
64591
64613
64667
64747
64781
65011
65129
65213
65257
65287
65381
65393
65413
65557
65609
65713
65809
66191
66301
66499
66523
66569
66809
66863
67139
67141
67211
67217
67219
67247
67261
67261
67349
67411
67499
67709
67819
68227
68449
68611
68791
68899
68993
69031
69247
69431
69463
69497
70111
70177
70177
70229
70237
70237
70237
70289
70297
70381
70769
70937
70981
71167
71257
71399
71537
71563
71663
71809
71849
71909
72173
72673
72937
73037
73079
73121
73181
73327
73387
73589
73771
73819
73867
73951
74131
74209
74257
74311
74411
74441
74489
74609
74623
74759
74873
75211
75217
75223
75253
75269
75307
75323
75679
75679
75707
75709
75979
75997
76001
76333
76343
76421
76487
76511
76753
76847
76871
76883
76907
77041
77069
77269
77339
77383
77521
77659
77813
78137
78233
78439
78553
78623
78803
78857
78889
79043
79063
79193
79357
79451
79537
79537
79631
79817
79967
79973
80329
80491
80651
80687
80789
81299
81421
81611
81637
81647
81931
82051
82361
82883
83219
83243
83407
83497
83563
83653
84089
84137
84503
84691
84827
84919
84967
85087
85091
85201
85259
85297
85333
85369
85451
85453
85513
85513
85517
85627
85643
85853
85933
86027
86113
86137
86269
86369
86509
86533
86587
86767
87037
87083
87277
87323
87433
87539
87557
87679
87701
87743
87869
87881
87917
87943
87943
88339
88513
88591
88721
88867
88993
88993
89021
89051
89057
89087
89107
89107
89123
89153
89399
89759
89867
89899
89939
89939
90271
90353
90547
90599
90697
90703
90749
90793
90911
90977
91129
91237
91283
91297
91621
91639
91639
91733
91733
91873
92003
92243
92251
92269
92311
92551
92557
92657
92671
92671
92761
92767
93001
93103
93241
93419
93523
93787
93827
94007
94379
94379
94543
94723
94723
94781
94847
95009
95107
95189
95383
95707
95959
96221
96281
96443
96497
96527
96553
96667
96703
96763
96893
96953
97169
97379
97459
97511
97571
97607
97711
97771
97777
97931
98123
98453
98729
98909
98939
99053
99079
99257
99277
99349
99689
99923
