0002639
0961480
0920448
1505856
0020445
0890487
5794875
1494976
0072594
3257790
4898803
0868829
1990725
8753017
9648010
0719682
0031588
4535490
6672965
1224459
0988974
2672464
7597498
3849110
1302315
5700156
5525828
1366470
2079625
0491318
8626340
5576900
8876790
4918856
3137610
6016691
0532196
4666893
0506910
1527139
7771130
4613685
0504775
3374642
4399336
3638496
3115296
6150250
9330196
1278837
5161466
2368923
0550451
3945214
0011975
4699623
4962938
5995944
1222919
2278048
6414570
7152288
0146434
5662999
3332674
4918700
0151354
7267429
0800550
1654831
1939152
6121297
0391515
1569114
8172861
0273066
1023013
6935432
8776208
1383408
6867617
5315328
3924172
7357392
1174266
2307990
5745626
7294266
4525352
3029211
1742603
3247784
5995387
5452482
5335645
0150482
9397674
5059461
0549147
2575545
7876075
7071896
6454261
4390079
6819180
3174241
6773835
5603921
3462706
5077490
6739993
1341768
3639314
4297460
0985658
1371166
5107845
4026306
9867836
6257826
1669497
4803220
7639390
0203286
2336490
0948575
4104388
5307345
5512495
0922454
0143548
4353996
0221759
1634626
5249211
3729059
2751058
9595133
0064341
2333852
3481815
5170028
8731950
0713123
9718653
1089146
1945545
4704767
3440815
7702616
3896361
2331527
3796626
3915138
3241847
0312876
2087893
4142965
7109522
7870316
3840828
7376105
7158830
1593661
5407990
1716514
3615372
5465517
8869104
5945875
3573589
8336004
7053435
3798074
5818164
1333987
3242460
2013519
3558905
2243855
5023691
4105676
6661853
2078269
6551279
5559063
8652321
3200751
7415364
4453173
7328246
1463130
9662156
2320307
7453017
9407279
5771996
2431271
5210222
9414020
1365334
3215132
6012373
8411241
3808741
8943181
4248943
5650281
1674572
3630657
8334511
9173583
2201766
8704039
4793615
9391168
1502251
5517192
7143604
8278203
1420010
4448187
0425050
4333405
2315305
2003942
4080832
2257683
8761442
3914791
0697894
9353396
6824774
1642842
9874548
0061062
8301076
3526963
2472572
5634968
3363117
1928917
8354898
5217994
1714983
6847769
6805592
0244891
7845035
8247889
2297893
8869045
8058923
5808105
4995255
7119903
2166155
9757535
7220349
6037192
5759572
4016881
8124500
8725026
7704934
4719324
7284988
8567783
8883822
1822343
2834795
7915295
1384632
7079216
6078790
2997709
4904248
0949388
0881182
9805511
6042204
1924880
8013739
0549969
2364997
9607150
5292189
6031830
5581753
3246861
6970661
7662250
3637398
3677298
7734286
3325506
5512485
2588325
5112807
8561716
3090327
4680519
0384310
5910635
8334571
7844823
8735792
4056194
9221730
5270924
2138985
3922634
6473385
5360630
5349132
1151587
6061722
3564467
6110058
9771660
3487808
2760650
7392914
4704155
7973158
7384089
3385007
4533257
3895914
3832256
4936383
4837454
7900191
3581581
2853186
4998821
0350915
7147669
3488359
2804763
6191914
3250305
4426099
1118415
6640971
2926219
5316633
3657693
2275752
4653089
4508381
0289059
7687758
2114679
5726056
7273027
0413332
9955488
1148059
9197614
7048535
3148153
1216633
9605223
6538374
9065666
0621485
3162648
2382678
4669526
5800721
4957887
0482421
5330193
8298363
3493623
8818829
3995077
3950247
0190271
5003206
8856334
7551854
4282341
6845728
7671545
8053092
2946619
9590154
7230889
1760969
2605390
1329605
9353155
1881313
5929858
7439354
2597031
8728890
4170502
8861849
6844706
0945249
5047696
3560777
8040504
4039116
8090273
3876037
4666649
4372476
3776530
5150821
8728251
7931718
4639070
4307859
9998860
1019474
9068021
2700505
7036471
3250626
3340182
8691105
8872845
9079845
3713046
8353319
1286018
4698323
8064228
0673793
2102343
0729749
7322870
0737147
4593714
0791191
9825924
8201330
3443764
1828702
0936161
9632390
8120584
3083523
7302407
3237303
5801795
6315955
9408119
4372377
1493813
3046814
4607151
4659069
8195305
3389858
5156787
1849733
7677092
8130844
8168156
2079563
4190702
8396236
4288082
2224037
4493726
6970389
2399611
2504189
7752111
8341923
3122447
9595023
3488777
4103401
8267186
4238753
8516278
8866042
4434737
9378706
9397358
9746518
4883413
5285053
5679101
6721189
6846841
6967757
7106597
7424413
7456237
7493393
7566113
8718349
9441977
