3340182
2431271
3558905
7845035
0729749
6454261
7915295
5217994
7294266
4333405
3481815
2297893
1019474
3250626
6824774
7322870
6315955
6042204
4699623
3246861
9221730
4453173
3832256
0949388
8396236
0425050
3895914
6037192
3462706
6016691
0020445
2672464
8411241
9330196
3573589
6935432
0988974
3729059
7771130
6819180
5210222
7106597
9825924
1278837
8168156
5112807
5292189
3560777
9391168
0737147
4026306
7493393
0549147
7392914
3840828
7424413
6551279
0221759
3443764
2166155
0031588
2588325
9397674
0350915
3247784
7230889
8561716
5023691
5107845
4372476
3332674
2138985
3174241
5945875
7453017
1760969
3046814
6473385
0150482
8334511
7973158
8718349
7267429
3385007
8130844
1383408
1222919
8267186
3242460
4962938
4390079
8172861
9605223
0384310
6110058
5316633
0482421
5249211
2201766
3493623
8704039
8861849
3090327
7147669
7143604
1151587
6844706
8776208
8090273
0072594
0413332
5929858
2804763
6805592
0151354
1148059
3487808
7677092
3250305
7456237
4918700
6672965
8876790
6031830
3638496
7302407
6846841
8728251
7079216
4957887
5270924
0391515
7357392
6661853
2834795
1366470
3440815
1828702
2997709
0549969
2320307
7328246
5077490
0061062
2079563
2307990
2333852
2275752
9874548
6867617
2597031
5745626
8818829
7931718
5465517
3581581
1939152
3162648
5349132
2946619
3849110
6640971
8336004
8883822
8872845
6191914
2336490
3637398
5700156
4399336
5726056
6967757
4793615
0244891
3488777
2102343
2760650
8567783
4353996
3945214
4704155
1990725
9173583
4998821
6721189
6970661
5150821
7734286
3630657
1341768
4288082
9662156
0143548
1742603
1463130
5995387
3148153
7704934
1654831
8341923
4493726
3137610
2751058
9595133
4803220
6078790
3237303
7752111
3796626
0719682
3914791
0985658
4508381
7900191
0550451
3115296
3876037
3950247
1716514
8725026
0948575
1527139
8301076
7152288
1420010
4533257
4719324
0868829
3677298
5818164
3924172
8298363
2364997
0532196
5581753
9746518
1505856
2504189
4142965
0881182
5800721
4426099
0203286
5156787
8856334
3639314
0273066
3241847
4372377
8247889
7870316
1384632
8201330
6970389
7384089
3526963
7551854
8053092
7702616
4016881
2368923
3029211
2605390
5003206
2078269
5771996
0945249
8058923
3776530
7376105
5995944
0922454
4837454
4297460
1216633
9397358
2079625
8731950
8735792
9632390
9414020
3374642
9068021
5910635
7036471
4525352
4704767
0506910
5315328
5679101
3488359
3922634
2013519
5285053
6414570
7844823
3896361
4607151
4995255
3713046
6012373
7119903
5335645
1333987
3915138
4080832
6121297
4669526
2575545
3808741
6538374
8652321
7639390
8124500
4056194
2382678
9353396
8516278
2243855
1329605
4104388
9065666
4448187
1371166
7273027
8869045
1593661
8626340
9757535
5360630
3657693
4190702
3215132
8753017
6739993
4248943
0936161
2700505
1365334
0920448
0713123
7597498
9590154
8195305
9407279
5576900
2331527
4593714
1674572
1669497
9378706
2399611
1714983
4639070
8354898
0800550
7220349
7687758
9867836
4918856
9718653
0791191
1023013
1493813
4659069
7158830
3257790
9197614
1849733
9408119
8869104
4613685
2853186
7662250
4434737
5517192
2257683
2315305
0504775
8064228
9595023
8866042
4653089
1642842
4936383
1224459
0961480
3798074
1822343
9607150
0890487
4666893
8943181
9955488
5059461
9771660
4170502
6773835
2087893
0190271
5759572
7439354
8013739
7415364
5634968
5559063
7284988
7566113
1089146
3615372
0491318
9353155
2472572
0146434
2224037
1569114
4698323
8353319
4898803
1881313
5603921
5650281
0064341
6061722
5452482
1924880
9441977
3995077
8120584
5170028
2926219
5047696
6847769
9998860
3564467
7071896
9648010
4535490
3083523
9079845
4282341
2114679
2278048
5161466
5407990
8040504
4105676
5307345
4307859
0673793
6257826
8334571
7109522
6150250
5794875
1928917
1945545
5801795
7048535
7053435
4039116
1302315
4680519
0312876
1634626
9805511
3363117
4904248
8691105
0002639
7671545
1494976
4666649
2003942
6845728
0697894
5808105
5525828
8278203
1174266
0621485
5330193
5512495
5512485
1286018
3325506
5662999
8761442
1502251
3389858
4103401
7876075
0011975
0289059
8728890
1118415
4883413
4238753
3200751
3122447
