334018224
312713558
905784503
507297496
454261791
529552179
947294266
433340534
818152297
893101947
432506266
824774732
287063159
556042204
469962332
468619221
730445317
338322560
949388839
226491269
503895914
603719234
627066016
691002044
526724648
411241933
019635735
896935432
098897437
290597771
130681918
052102227
106597982
592412788
378168156
511280752
921893560
777939116
807371474
026306749
339305491
477392914
384082874
244136551
279022175
934437642
166155003
158825883
259397674
035091532
477847230
889856171
650236915
107845437
247633326
742138985
317424159
458757453
017176096
930468146
473385015
048283345
117973158
871834972
674293385
007813084
413834081
222919826
718632424
604962938
