3340182
2431271
3558905
7845035
0729749
6454261
7915295
5217994
7294266
4333405
3481815
2297893
1019474
3250626
6824774
7322870
6315955
6042204
4699623
3246861
1337689
4453173
3832256
0949388
8396236
0425050
3895914
6037192
3462706
6016691
0020445
2672464
8411241
9330196
3573589
6935432
0988974
3729059
7771130
6819180
5210222
7106597
9825924
1278837
8168156
5112807
5292189
3560777
9391168
0737147
4026306
7493393
0549147
7392914
3840828
7424413
6551279
0221759
3443764
2166155
0031588
2588325
9397674
0350915
3247784
7230889
8561716
5023691
5107845
4372476
3332674
2138985
3174241
5945875
7453017
1760969
3046814
6473385
0150482
8334511
7973158
8718349
7267429
3385007
8130844
1383408
1222919
8267186
3242460
4962938
4390079
8172861
9605223
0384310
6110058
5316633
0482421
5249211
2201766
3493623
8704039
8861849
3090327
7147669
7143604
1151587
6844706
8776208
8090273
0072594
0413332
5929858
2804763
6805592
0151354
1148059
3487808
7677092
3250305
7456237
4918700
6672965
8876790
6031830
3638496
7302407
6846841
8728251
7079216
4957887
5270924
0391515
7357392
6661853
2834795
1366470
3440815
1828702
2997709
0549969
2320307
7328246
5077490
0061062
2079563
2307990
2333852
2275752
9874548
6867617
2597031
5745626
8818829
7931718
5465517
3581581
1939152
3162648
5349132
2946619
3849110
6640971
8336004
8883822
8872845
6191914
2336490
3637398
5700156
4399336
5726056
6967757
4793615
0244891
3488777
2102343
2760650
8567783
4353996
3945214
4704155
1990725
9173583
4998821
6721189
6970661
5150821
7734286
3630657
1341768
4288082
9662156
0143548
1742603
1463130
5995387
3148153
7704934
1654831
8341923
4493726
3137610
2751058
9595133
4803220
6078790
3237303
7752111
3796626
0719682
3914791
0985658
4508381
7900191
0550451
3115296
3876037
3950247
1716514
8725026
0948575
1527139
8301076
7152288
1420010
4533257
4719324
0868829
3677298
5818164
3924172
8298363
2364997
0532196
5581753
9746518
1505856
2504189
4142965
0881182
5800721
4426099
0203286
5156787
8856334
3639314
0273066
3241847
4372377
8247889
7870316
1384632
8201330
6970389
7384089
3526963
7551854
8053092
7702616
4016881
2368923
3029211
2605390
5003206
2078269
5771996
0945249
8058923
3776530
7376105
5995944
0922454
4837454
4297460
1216633
9397358
2079625
8731950
8735792
9632390
9414020
3374642
9068021
5910635
7036471
4525352
4704767
0506910
5315328
5679101
3488359
3922634
2013519
5285053
6414570
7844823
3896361
4607151
4995255
3713046
6012373
7119903
5335645
1333987
3915138
4080832
6121297
4669526
2575545
3808741
6538374
8652321
7639390
8124500
4056194
2382678
9353396
8516278
2243855
1329605
4104388
9065666
4448187
1371166
7273027
8869045
1593661
8626340
9757535
5360630
3657693
4190702
3215132
8753017
6739993
4248943
0936161
2700505
1365334
0920448
0713123
7597498
9590154
8195305
9407279
5576900
2331527
4593714
1674572
1669497
9378706
2399611
1714983
4639070
8354898
0800550
7220349
7687758
9867836
4918856
9718653
0791191
1023013
1493813
4659069
7158830
3257790
9197614
1849733
9408119
8869104
4613685
2853186
7662250
4434737
5517192
2257683
2315305
0504775
8064228
9595023
8866042
4653089
1642842
4936383
1224459
0961480
3798074
1822343
9607150
0890487
4666893
8943181
9955488
5059461
9771660
4170502
6773835
2087893
0190271
5759572
7439354
8013739
7415364
5634968
5559063
7284988
7566113
1089146
3615372
0491318
9353155
2472572
0146434
2224037
1569114
4698323
8353319
4898803
1881313
5603921
5650281
0064341
6061722
5452482
1924880
9441977
3995077
8120584
5170028
2926219
5047696
6847769
9998860
3564467
7071896
9648010
4535490
3083523
9079845
4282341
2114679
2278048
5161466
5407990
8040504
4105676
5307345
4307859
0673793
6257826
8334571
7109522
6150250
5794875
1928917
1945545
5801795
7048535
7053435
4039116
1302315
4680519
0312876
1634626
9805511
3363117
4904248
8691105
0002639
7671545
1494976
4666649
2003942
6845728
0697894
5808105
5525828
8278203
1174266
0621485
5330193
5512495
5512485
1286018
3325506
5662999
8761442
1502251
3389858
4103401
7876075
0011975
0289059
8728890
1118415
4883413
4238753
3200751
3122447
4451749
6615031
5398809
8463409
4282826
0669121
6812404
3608428
1238288
2881592
2288905
9523387
7295812
0463390
1804293
6686312
5118247
3478535
7217054
1972591
8628060
6132167
0910634
8212776
5278202
5046591
4416754
9295142
6495907
2650121
9769043
6020698
5586331
8918301
0949774
8345791
3771652
6731720
5031071
6995599
5411450
8758412
0016255
1708029
9743420
1883816
6312681
1275253
3095178
1611096
4636916
1334390
6888511
9921794
5157166
3771402
5125571
5172857
4904634
7161525
2684504
2706624
0615061
9397800
0236352
9743547
7979419
6025110
6986449
1514508
5713404
9488964
8512266
0682541
7869072
9692969
8418001
2376271
9935508
5649952
3365334
2466655
8763965
7918247
0731315
6959264
9470765
8859555
2932511
1306503
4053450
8731671
4198436
1165103
8801467
7854541
9977652
4807180
0324147
1997820
8537299
1604793
7728868
1664031
8185202
5910688
9151129
7903507
7401253
7927814
2627779
6603075
8352452
3266552
8254102
9938488
7801618
6602194
4439877
7420586
2216785
1646058
1886954
2755407
7454697
1704527
5733262
3770070
9207700
2776918
6818622
9102409
3094469
0686408
5997344
8090789
9390267
1467526
8081968
0192516
1355580
0751906
1210488
9632573
4126115
0145881
4437034
3067155
7413888
5545620
1232442
6837526
9549359
3366595
4583792
9792597
4546134
6093883
1698010
7233629
7727337
4606379
2446139
7762845
4896667
7039201
9397814
0043930
0724652
1384262
7649414
7776377
2475335
9795289
5211528
8549225
5197497
6281938
1297457
6989068
7011299
3531612
5780325
4780342
5762456
2247834
2982226
6840761
0101663
0116185
4782029
9518745
8917949
9765338
9836539
3115769
2476118
0253320
0582399
3490621
5931231
7553092
1657532
9349968
6710563
2817415
6269585
9183357
2785440
7786379
0374203
1181857
5456591
2720613
0132142
0760945
5037725
5905250
5988505
7875655
2767148
1778080
7351781
4054516
9730993
4259474
0952521
6816100
2786132
0568880
2555599
5893540
9882163
6192026
1514032
6693577
7843900
9691265
4062853
5890697
2861615
0871418
6767105
6405586
4250139
4805339
0226609
0670871
5412904
9896224
4893249
5895345
1351212
1866428
9705662
2358941
8594490
0959645
9203868
8259058
7118977
9415517
1975118
8387342
9128745
4821006
8089716
8731408
0843986
2488733
6822725
3397316
7877167
1889387
9783965
7310461
0902364
7911294
3264442
6173548
5338900
7949692
6906569
5169907
2985259
4769333
8356270
4131463
6178504
8924660
0648852
6829778
5477623
9808938
9922542
5998126
9805349
0442763
4066127
1470995
8689425
5307276
0943735
3245131
6550095
9575430
2333207
9361196
7218032
3283837
7941697
4602809
7877854
3115731
2071562
1551941
3434874
3434296
0010380
2951693
7648718
5853126
2277926
9051641
5794940
8829024
5798479
0468459
7571676
1458284
9295861
8046441
9891843
4369840
6433078
7721895
3454574
0989500
4436036
3662812
8478226
0090037
1750509
9079673
1676816
9845315
8494694
8808404
3517605
9965727
9387848
2695366
7945113
4098751
8352139
9864583
6198050
4884809
5320522
7781918
2978785
0873956
6171061
6232041
7570595
2931069
4502169
8156926
1418178
4622461
7213734
5165077
7973681
0002042
4048964
0745501
8167671
2812526
2466154
6828709
1635948
8007643
1485282
9132605
7258929
1727616
3838732
3049727
3695641
5129425
5967669
3259196
8622732
7885969
7874606
8055395
6816199
1819390
6815911
0274993
0592380
0457608
2092046
8115796
3174514
1405782
4361381
5963187
8500354
3395118
8338488
3595882
7833933
7799434
7588178
2015281
0501677
5782077
6290662
5534721
5864314
6496842
8473854
8115764
9023460
2003639
0291002
8913394
7920277
6584562
3953921
4884872
9348585
9940140
6383092
3660070
8170335
1960909
3713547
3592294
9809915
5351265
4756308
2922680
8484884
0581602
1777622
5135561
4453228
6182068
9931332
5098723
6033870
5493801
0239675
0309977
9051182
2699079
1290860
4689377
1720670
5351799
4284261
8945832
5302091
0813281
6029989
8166163
0248290
0016742
1461823
6379609
9302353
4131051
1494120
4631914
6639546
8442918
0370805
4657418
2229985
7776335
0810426
6073932
1775679
3482123
2053952
3048108
4728922
4014162
9807988
4191392
0483912
9572971
7004020
4722617
4674464
2584815
6059642
7549288
