604962938
312713558
259397674
454261791
674293385
949388839
730445317
339305491
026306749
468619221
742138985
905784503
048283345
503895914
603719234
052102227
411241933
458757453
130681918
290597771
413834081
477392914
477847230
824774732
117973158
511280752
106597982
432506266
287063159
166155003
930468146
158825883
947294266
896935432
222919826
469962332
807371474
893101947
035091532
019635735
007813084
334018224
650236915
107845437
529552179
921893560
378168156
592412788
718632424
818152297
433340534
556042204
017176096
507297496
317424159
279022175
934437642
691002044
338322560
777939116
627066016
384082874
473385015
247633326
526724648
098897437
871834972
226491269
244136551
889856171
