9746518
9397358
9378706
8866042
8516278
8500354
8267186
8259058
7877854
7874606
7420586
6020698
5998126
4493726
4416754
4288082
4282826
4190702
3592294
3454574
3389858
3046814
2071562
1975118
1886954
1828702
1286018
1019474
0910634
0871418
0291002
0132142
0002042
9792597
9595023
8341923
7752111
7454697
6970389
5931231
5493801
5351799
5197497
5156787
4659069
4607151
4372377
4250139
3713547
3237303
3083523
2931069
2755407
2699079
2102343
1775679
1664031
1604793
0945249
0482421
0289059
9809915
9783965
9691265
9132605
8195305
8055395
7911294
7875655
6315955
5853126
5801795
4821006
4593714
3713046
3434874
3340182
3250626
2861615
2700505
2475335
2247834
1485282
1470995
1329605
0959645
0760945
0621485
0370805
0350915
0061062
0016255
9632390
9408119
8201330
8007643
7979419
7322870
7302407
4698323
4639070
3776530
2605390
1881313
1760969
1334390
1275253
0384310
9079845
8872845
8691105
7721895
6550095
2584815
1118415
6290662
5157166
4170502
2277926
0581602
8728890
8728251
8594490
4282341
3950247
3770070
3493623
2720613
2114679
0549969
6495907
3876037
3560777
1461823
1216633
1148059
9590154
9353155
7671545
4126115
2853186
9765338
8353319
7801618
7036471
6995599
6844706
5929858
5150821
4666649
4066127
2946619
2488733
2358941
2092046
1384262
0016742
9743547
5330193
4957887
0248290
7588178
7439354
7217054
5003206
9891843
4439877
3895914
3657693
2804763
9068021
6710563
6031830
5798479
4769333
2951693
0745501
7687758
7048535
5360630
4689377
2627779
0943735
0731315
7118977
5512485
4669526
4606379
3264442
0244891
8356270
8298363
7648718
4131051
7551854
0881182
8473854
6767105
4704155
3366595
3325506
0203286
8090273
4884809
3995077
1151587
9692969
6110058
6061722
3677298
3637398
2997709
1420010
1297457
0810426
0116185
8856334
8254102
7734286
5963187
3771402
0151354
9415517
8861849
7920277
7918247
7230889
3148153
9705662
8512266
7781918
7762845
4995255
6640971
3090327
0922454
7119903
6602194
2776918
5910635
4016881
2166155
4805339
3558905
8334571
6171061
2834795
2229985
1181857
9348585
5407990
2926219
6078790
4782029
2982226
2476118
1819390
9065666
7885969
6837526
4837454
3595882
0697894
6693577
3246861
9940140
5800721
5125571
3526963
9922542
8478226
5172857
4904634
3922634
2015281
7039201
6824774
4680519
9197614
7158830
6191914
7384089
5967669
4508381
2320307
6433078
4657418
4056194
3440815
0002639
1714983
5465517
8818829
3581581
7776335
7376105
2315305
9302353
3385007
8247889
7233629
4426099
1634626
2288905
0961480
3564467
3094469
7392914
0150482
6012373
0920448
0501677
7903507
7401253
7273027
6828709
1505856
9845315
7973158
4998821
4893249
0273066
0483912
8567783
5098723
5477623
4533257
5118247
3798074
9572971
0020445
7945113
9795289
2257683
9836539
8883822
7915295
2364997
0682541
8731408
2331527
6816199
8725026
6888511
3729059
4722617
7147669
1822343
0221759
8494694
3481815
4333405
2243855
3363117
1365334
9549359
2003942
8943181
0873956
0890487
9730993
5905250
4704767
5794875
1494976
3695641
9805349
8869045
4793615
2978785
2216785
1777622
0670871
4502169
9757535
3067155
9295861
8185202
7011299
9470765
1290860
6661853
1306503
0072594
3257790
6383092
1418178
4898803
9102409
0868829
1990725
0549147
6192026
5278202
2706624
2013519
0324147
8753017
3095178
7310461
3490621
9648010
6818622
0090037
3241847
1928917
3630657
0010380
7109522
0719682
5581753
2466154
8537299
1502251
6312681
0031588
6551279
5046591
6281938
4535490
6672965
0043930
4451749
1224459
0988974
1089146
2672464
7704934
5217994
6970661
7597498
3660070
9407279
4546134
3849110
3482123
1302315
6059642
5700156
0843986
5525828
7571676
3796626
5890697
1366470
9397800
3915138
5351265
2079625
0491318
9518745
2695366
1716514
5794940
3434296
8626340
1804293
9575430
1514032
9743420
5576900
8876790
4918856
5338900
3137610
5864314
4437034
0713123
4142965
8013739
3478535
6016691
5733262
0532196
0615061
0192516
4666893
0506910
3365334
1333987
8278203
4131463
2812526
1527139
7771130
9390267
4613685
1669497
9051641
9769043
0504775
5586331
3374642
0985658
5559063
4399336
3638496
3115296
6150250
3048108
9805511
9330196
1727616
2431271
3914791
8411241
1278837
6073932
5210222
5895345
6093883
0463390
5161466
1355580
2368923
0550451
3945214
0011975
4699623
0751906
4962938
7413888
3266552
8761442
1551941
5995944
5398809
4053450
1222919
2078269
0648852
2278048
5211528
6414570
8166163
2053952
7152288
0146434
6847769
0582399
0949774
0568880
1593661
9203868
5662999
1720670
3332674
8058923
4918700
1238288
7267429
0686408
0800550
7649414
2003639
3808741
7570595
8090789
1654831
1939152
6121297
9931332
0391515
1569114
4248943
3115731
8172861
2817415
1023013
8622732
6935432
0813281
8776208
6496842
1383408
6867617
5412904
5315328
3924172
8046441
1232442
7328246
7357392
1174266
5320522
2307990
2785440
5745626
0457608
8156926
7294266
7351781
3517605
4525352
7728868
1698010
3029211
3397316
1742603
6269585
4756308
3247784
7927814
7258929
4098751
1997820
5995387
4896667
7776377
9295142
6405586
5893540
0592380
5452482
5335645
6829778
3049727
3174514
2087893
8549225
8731671
8387342
0952521
6198050
0236352
6029989
9397674
5059461
4631914
1708029
8763965
2575545
9397814
7876075
1646058
7071896
6454261
4390079
6819180
3174241
8334511
8704039
4602809
6773835
5603921
2650121
3462706
5135561
2466655
3395118
7218032
5077490
6739993
1341768
3639314
5988505
4297460
1635948
3573589
1371166
1210488
1467526
8115796
5107845
4026306
7786379
9867836
6257826
6379609
0145881
8089716
9921794
4803220
7639390
0989500
2336490
0948575
5023691
4104388
5307345
5512495
0253320
5780325
0143548
1514508
4353996
6639546
6025110
5249211
5649952
2751058
9595133
9151129
7869072
0064341
2922680
8212776
2333852
9183357
4436036
5170028
8731950
3608428
9023460
9718653
0902364
5307276
5037725
1945545
7702616
8918301
3896361
0312876
4259474
1750509
5713404
6822725
7870316
9523387
3840828
3615372
8869104
5945875
1405782
8336004
7053435
8758412
5818164
5534721
3242460
4105676
9965727
7161525
4884872
7799434
9349968
8913394
2555599
9051182
8652321
3200751
7415364
4453173
1463130
9662156
7004020
7453017
5456591
5771996
5762456
9414020
0724652
3215132
5650281
1674572
2881592
9173583
2201766
8945832
6989068
9391168
7553092
5517192
7727337
7143604
4448187
0425050
6173548
3838732
4080832
9353396
0239675
5411450
1642842
9874548
8301076
2472572
5634968
1778080
8354898
9128745
1494120
1866428
6805592
7845035
7549288
2297893
1704527
5808105
7220349
6037192
7949692
5759572
8124500
6959264
6232041
4719324
7284988
8167671
1384632
7079216
8352452
4728922
2684504
9808938
8628060
4904248
1883816
0949388
9896224
6042204
1924880
8924660
5910688
9607150
5292189
5129425
6603075
5782077
7662250
5545620
9807988
4807180
2588325
5112807
8561716
7213734
6812404
7844823
8735792
3531612
8442918
5270924
2138985
6473385
4780342
5349132
3771652
0468459
9771660
3487808
4369840
2760650
3832256
8170335
4936383
6033870
1611096
7900191
6816100
3488359
3250305
9935508
7843900
6182068
5316633
4453228
8829024
9207700
8484884
2275752
4653089
4198436
0101663
5726056
0413332
9955488
1676816
1351212
8689425
9605223
6538374
4191392
3162648
2382678
4674464
6731720
9938488
9361196
5997344
0190271
8859555
8808404
6845728
4014162
8053092
0226609
0274993
9977652
4583792
2597031
0309977
5047696
8040504
4039116
8338488
4372476
1458284
6584562
0374203
1657532
7931718
0442763
4284261
4307859
9998860
8081968
0669121
8064228
0673793
2767148
2786132
0729749
0737147
6178504
9488964
0791191
3259196
9825924
6686312
3443764
7833933
3662812
0936161
4048964
4054516
8120584
4636916
1165103
9387848
1337689
1493813
7295812
1849733
1889387
7677092
1960909
1972591
8115764
8130844
8168156
2079563
8396236
2224037
2333207
2376271
2399611
2446139
2504189
2932511
2985259
3115769
3122447
3245131
3283837
3488777
3953921
4062853
4103401
4238753
4361381
4434737
4622461
4883413
5031071
5165077
5169907
5285053
5302091
5679101
6132167
6615031
6721189
6815911
6840761
6846841
6906569
6967757
6986449
7106597
7424413
7456237
7493393
7566113
7854541
7877167
7941697
7973681
8345791
8352139
8418001
8463409
8718349
8801467
8917949
9079673
9441977
9632573
9864583
9882163
