458757453
477847230
824774732
511280752
166155003
158825883
896935432
222919826
469962332
807371474
893101947
035091532
019635735
007813084
334018224
650236915
107845437
529552179
921893560
378168156
592412788
718632424
117973158
818152297
433340534
106597982
556042204
017176096
507297496
317424159
279022175
934437642
432506266
691002044
287063159
947294266
930468146
130681918
477392914
413834081
338322560
777939116
052102227
290597771
627066016
048283345
411241933
026306749
384082874
603719234
473385015
503895914
247633326
742138985
468619221
339305491
526724648
905784503
098897437
730445317
259397674
674293385
949388839
454261791
312713558
871834972
226491269
244136551
604962938
889856171
