9940140
0002639
0961480
0920448
1505856
0483912
0020445
8731408
0873956
0890487
5905250
5794875
1494976
4502169
1777622
0670871
3067155
1290860
1306503
0072594
3257790
6383092
1418178
4898803
0868829
1990725
2706624
8753017
9648010
0010380
0719682
6312681
0031588
5046591
6281938
4535490
6672965
0043930
1224459
0988974
2672464
7597498
3660070
4546134
3849110
1302315
5700156
5525828
0843986
7571676
1366470
9397800
5351265
2079625
0491318
9518745
3434296
5794940
8626340
1804293
9575430
1514032
9743420
5576900
8876790
4918856
5338900
3137610
4437034
6016691
0532196
0615061
0192516
4666893
3365334
0506910
4131463
2812526
1527139
7771130
9390267
4613685
9769043
0504775
3374642
4399336
3638496
3115296
6150250
3048108
9330196
1727616
1278837
6073932
5895345
0463390
5161466
1355580
2368923
0550451
3945214
0011975
4699623
0751906
4962938
7413888
3266552
5995944
5398809
4053450
1222919
0648852
2278048
5211528
6414570
2053952
7152288
0146434
0582399
0949774
0568880
9203868
5662999
1720670
3332674
4918700
1238288
0151354
7267429
0686408
0800550
2003639
7570595
8090789
1654831
1939152
6121297
9931332
0391515
1569114
0090037
3115731
8172861
2817415
0273066
1023013
8622732
6935432
0813281
8776208
1383408
6496842
6867617
5412904
5315328
0016742
3924172
0324147
1232442
8046441
7357392
1174266
2307990
0501677
2785440
5745626
0457608
7294266
7351781
3517605
4525352
7728868
3029211
1698010
3397316
1742603
6269585
4756308
3247784
7927814
7258929
4098751
0002042
1997820
5995387
4896667
7776377
9295142
6405586
5893540
0592380
5452482
5335645
6829778
3049727
3174514
8549225
8731671
0150482
0952521
6198050
0236352
6029989
9397674
0116185
5059461
4631914
1708029
0549147
8763965
2575545
7876075
1646058
7071896
6454261
4390079
6819180
3174241
6773835
5603921
3462706
2466655
3395118
7218032
5077490
6739993
1341768
3639314
5988505
4297460
1635948
0985658
1371166
1210488
1467526
8115796
5107845
4026306
9867836
6257826
6379609
0145881
1669497
8089716
9921794
4803220
7639390
0989500
0203286
2336490
0948575
4104388
5307345
5512495
0922454
0253320
5780325
0143548
1514508
4353996
6639546
6025110
0221759
1634626
5249211
5649952
3729059
2751058
9595133
9151129
7869072
0064341
2922680
8212776
2333852
9183357
3481815
4436036
5170028
3478535
8731950
3608428
0713123
9023460
9718653
0902364
1089146
5307276
5037725
1945545
4704767
3440815
7702616
8918301
3896361
2331527
3796626
3915138
3241847
0312876
4259474
2087893
1750509
4142965
5713404
6822725
7109522
7870316
0016255
3095178
2650121
3840828
5118247
7376105
7158830
1593661
5407990
1716514
4722617
7945113
3615372
5465517
1551941
0248290
2216785
8869104
9730993
5945875
1181857
4805339
1405782
8494694
4904634
3573589
8336004
2476118
7053435
3798074
8758412
5818164
5320522
5534721
1333987
3242460
2013519
3558905
2243855
5023691
4105676
6661853
2078269
9965727
7161525
4884872
7885969
4602809
7799434
9805349
8387342
9349968
8913394
2978785
2555599
9397814
9051182
6551279
5135561
5559063
2982226
8652321
3200751
7415364
4453173
7776335
2695366
7328246
1463130
8156926
9662156
2320307
7004020
7453017
9836539
9407279
5456591
9549359
1819390
5771996
2431271
5762456
5210222
9414020
9523387
7786379
0724652
1365334
3215132
2466154
6816199
6012373
6818622
8411241
3808741
8943181
4248943
7649414
5650281
1674572
3630657
0810426
8334511
3094469
2881592
9173583
2201766
8704039
8945832
9922542
4793615
6989068
9391168
1502251
0682541
7553092
2288905
5517192
7727337
7143604
8278203
1420010
4448187
0425050
4333405
6173548
2315305
2003942
3838732
4080832
2257683
8761442
3914791
5733262
0697894
9353396
0239675
5411450
5864314
6824774
1642842
9874548
0061062
8301076
5098723
3526963
2472572
5634968
3363117
8512266
1928917
1297457
1778080
6888511
0731315
8354898
5217994
7233629
9128745
1714983
6059642
1494120
1866428
6847769
6805592
0244891
7845035
7549288
6093883
8247889
2297893
9470765
1704527
8869045
3482123
8058923
5586331
5808105
2229985
4995255
0943735
7119903
2166155
9757535
5125571
7220349
6037192
8166163
7949692
5759572
4016881
5278202
8124500
8725026
6959264
6232041
7704934
4719324
7284988
8167671
8567783
7039201
9795289
8883822
1822343
2834795
6192026
7915295
1384632
7079216
8352452
4728922
6078790
2684504
4451749
9808938
3490621
8628060
6171061
2997709
6693577
4904248
1883816
9348585
0949388
4782029
7762845
4893249
5890697
0881182
9051641
9805511
9896224
6042204
1924880
8013739
0549969
8924660
5910688
2364997
3771402
9607150
5292189
3695641
6031830
5581753
3246861
5129425
6603075
9845315
8185202
6970661
5782077
7662250
5545620
3637398
3677298
7734286
3325506
5512485
9807988
2627779
4807180
2588325
5112807
8561716
3090327
7213734
4680519
0384310
3366595
6812404
5910635
8334571
7844823
0581602
8735792
3531612
7310461
8442918
8537299
4056194
0745501
2776918
5270924
5967669
2015281
2138985
3922634
6473385
3595882
5360630
4780342
5349132
4657418
3771652
7648718
1151587
7011299
0468459
6061722
3564467
6110058
9771660
3487808
4369840
2760650
7392914
4704155
9102409
7973158
7384089
3385007
4533257
3895914
3832256
8170335
4689377
4936383
1384262
8356270
4837454
0132142
6033870
1611096
7900191
3581581
9692969
2853186
9295861
6816100
6433078
4998821
5477623
0350915
7147669
3488359
2804763
6191914
3250305
4426099
0370805
1118415
9935508
6640971
7843900
2926219
6767105
4131051
6182068
8473854
5316633
4453228
5963187
8829024
9207700
8484884
6837526
3657693
2275752
4653089
2092046
4198436
4508381
3264442
6828709
0289059
7687758
2114679
0101663
5726056
7273027
0413332
8478226
9955488
7401253
1148059
1676816
6602194
9197614
7048535
3148153
1216633
7903507
1351212
4439877
9572971
8689425
4126115
9605223
5172857
6538374
9065666
0621485
3770070
2720613
4191392
3162648
2382678
1461823
1334390
7781918
4669526
5800721
0291002
4674464
4957887
0760945
9302353
0482421
5330193
2277926
8298363
3493623
8818829
9705662
6731720
2584815
2951693
3995077
9938488
8254102
9361196
2358941
1275253
5997344
3950247
0190271
2488733
0959645
5003206
8856334
8859555
7551854
8808404
4282341
4884809
6845728
7671545
4014162
8053092
0226609
2946619
9590154
4606379
1485282
7230889
1760969
9891843
2605390
1329605
9353155
1881313
5929858
7918247
7920277
0274993
9977652
7217054
4769333
7439354
4583792
8594490
2597031
8728890
7588178
1470995
9743547
4170502
8861849
0309977
6844706
4066127
0945249
5047696
3560777
9415517
8040504
4039116
5798479
8338488
8090273
3876037
7801618
4666649
4372476
1458284
6584562
5157166
0374203
2247834
7118977
3776530
6710563
5150821
1657532
8728251
0871418
6550095
7931718
0442763
9765338
6290662
0910634
4639070
4284261
4307859
2475335
9998860
8081968
1019474
7721895
9068021
1604793
6995599
2700505
7036471
3250626
1664031
3340182
2861615
3434874
8691105
6495907
8872845
1775679
9079845
3713046
8353319
1286018
0669121
4698323
8064228
0673793
2767148
2786132
2102343
0729749
7322870
0737147
4593714
6178504
9488964
0791191
4821006
3259196
9825924
8201330
6686312
3443764
7833933
2699079
1828702
3662812
2755407
0936161
1886954
9632390
5853126
2931069
1975118
4048964
4054516
8120584
3083523
2071562
7302407
3237303
7979419
8007643
4636916
5801795
1165103
9387848
3713547
6315955
7911294
1337689
9408119
4250139
4372377
1493813
3046814
4607151
4659069
7875655
8055395
8195305
3389858
5156787
3454574
5197497
5351799
3592294
7295812
9132605
5493801
1849733
1889387
7677092
9691265
9783965
1960909
9809915
1972591
5931231
8115764
8130844
8168156
2079563
4190702
8396236
4282826
4288082
4416754
2224037
4493726
6970389
2333207
2376271
2399611
2446139
7454697
2504189
7752111
8341923
2932511
2985259
5998126
6020698
3115769
3122447
9595023
3245131
9792597
3283837
3488777
7420586
7874606
7877854
3953921
4062853
4103401
8259058
8267186
4238753
8500354
8516278
4361381
8866042
4434737
4622461
9378706
9397358
9746518
4883413
5031071
5165077
5169907
5285053
5302091
5679101
6132167
6615031
6721189
6815911
6840761
6846841
6906569
6967757
6986449
7106597
7424413
7456237
7493393
7566113
7854541
7877167
7941697
7973681
8345791
8352139
8418001
8463409
8718349
8801467
8917949
9079673
9441977
9632573
9864583
9882163
