3340182
2431271
3558905
7845035
0729749
6454261
7915295
5217994
7294266
4333405
3481815
2297893
1019474
3250626
6824774
7322870
6315955
6042204
4699623
3246861
9221730
4453173
3832256
0949388
8396236
0425050
3895914
6037192
3462706
6016691
0020445
2672464
8411241
9330196
3573589
6935432
0988974
3729059
7771130
6819180
5210222
7106597
9825924
1278837
8168156
5112807
5292189
3560777
9391168
0737147
4026306
7493393
0549147
7392914
3840828
7424413
6551279
0221759
3443764
2166155
0031588
2588325
9397674
0350915
3247784
7230889
8561716
5023691
5107845
4372476
3332674
2138985
3174241
5945875
7453017
1760969
3046814
6473385
0150482
8334511
7973158
8718349
7267429
3385007
8130844
1383408
1222919
8267186
3242460
4962938
4390079
8172861
9605223
0384310
6110058
5316633
0482421
5249211
2201766
3493623
8704039
8861849
3090327
7147669
7143604
1151587
6844706
8776208
8090273
0072594
0413332
5929858
2804763
6805592
0151354
1148059
3487808
7677092
3250305
7456237
4918700
6672965
8876790
6031830
3638496
7302407
6846841
8728251
7079216
4957887
5270924
0391515
7357392
6661853
2834795
1366470
3440815
1828702
2997709
0549969
2320307
7328246
5077490
0061062
2079563
2307990
2333852
2275752
9874548
6867617
2597031
5745626
8818829
7931718
5465517
3581581
1939152
3162648
5349132
2946619
3849110
6640971
8336004
8883822
8872845
6191914
2336490
3637398
5700156
4399336
5726056
6967757
4793615
0244891
3488777
2102343
2760650
8567783
4353996
3945214
4704155
1990725
9173583
4998821
6721189
6970661
5150821
7734286
3630657
1341768
4288082
9662156
0143548
1742603
1463130
5995387
3148153
7704934
1654831
8341923
4493726
3137610
2751058
9595133
4803220
6078790
3237303
7752111
3796626
0719682
3914791
0985658
4508381
7900191
0550451
3115296
3876037
3950247
1716514
8725026
0948575
1527139
8301076
7152288
1420010
4533257
4719324
0868829
3677298
5818164
3924172
8298363
2364997
0532196
5581753
9746518
1505856
2504189
4142965
0881182
5800721
4426099
0203286
5156787
8856334
3639314
0273066
3241847
4372377
8247889
7870316
1384632
8201330
6970389
7384089
3526963
7551854
8053092
7702616
4016881
2368923
3029211
2605390
5003206
2078269
5771996
0945249
8058923
3776530
7376105
5995944
0922454
4837454
4297460
1216633
9397358
2079625
8731950
8735792
9632390
9414020
3374642
9068021
5910635
7036471
4525352
4704767
0506910
5315328
5679101
3488359
3922634
2013519
5285053
6414570
7844823
3896361
4607151
4995255
3713046
6012373
7119903
5335645
1333987
3915138
4080832
6121297
4669526
2575545
3808741
6538374
8652321
7639390
8124500
4056194
2382678
9353396
8516278
2243855
1329605
4104388
9065666
4448187
1371166
7273027
8869045
1593661
8626340
9757535
5360630
3657693
4190702
3215132
8753017
6739993
4248943
0936161
2700505
1365334
0920448
0713123
7597498
9590154
8195305
9407279
5576900
2331527
4593714
1674572
1669497
9378706
2399611
1714983
4639070
8354898
0800550
7220349
7687758
9867836
4918856
9718653
0791191
1023013
1493813
4659069
7158830
3257790
9197614
1849733
9408119
8869104
4613685
2853186
7662250
4434737
5517192
2257683
2315305
0504775
8064228
9595023
8866042
4653089
1642842
4936383
1224459
0961480
3798074
1822343
9607150
0890487
4666893
8943181
9955488
5059461
9771660
4170502
6773835
2087893
0190271
5759572
7439354
8013739
7415364
5634968
5559063
7284988
7566113
1089146
3615372
0491318
9353155
2472572
0146434
2224037
1569114
4698323
8353319
4898803
1881313
5603921
5650281
0064341
6061722
5452482
1924880
9441977
3995077
8120584
5170028
2926219
5047696
6847769
9998860
3564467
7071896
9648010
4535490
3083523
9079845
4282341
2114679
2278048
5161466
5407990
8040504
4105676
5307345
4307859
0673793
6257826
8334571
7109522
6150250
5794875
1928917
1945545
5801795
7048535
7053435
4039116
1302315
4680519
0312876
1634626
9805511
3363117
4904248
8691105
0002639
7671545
1494976
4666649
2003942
6845728
0697894
5808105
5525828
8278203
1174266
0621485
5330193
5512495
5512485
1286018
3325506
5662999
8761442
1502251
3389858
4103401
7876075
0011975
0289059
8728890
1118415
4883413
4238753
3200751
3122447
4451749
6615031
5398809
8463409
4282826
0669121
6812404
3608428
1238288
2881592
2288905
9523387
7295812
0463390
1804293
6686312
5118247
3478535
7217054
1972591
8628060
6132167
0910634
8212776
5278202
5046591
4416754
9295142
6495907
2650121
9769043
6020698
5586331
8918301
0949774
8345791
3771652
6731720
5031071
6995599
5411450
8758412
0016255
1708029
9743420
1883816
6312681
1275253
3095178
1611096
4636916
1334390
6888511
9921794
5157166
3771402
5125571
5172857
4904634
7161525
2684504
2706624
0615061
9397800
0236352
9743547
7979419
6025110
6986449
1514508
5713404
9488964
8512266
0682541
7869072
9692969
8418001
2376271
9935508
5649952
3365334
2466655
8763965
7918247
0731315
6959264
9470765
8859555
2932511
1306503
4053450
8731671
4198436
1165103
8801467
7854541
9977652
4807180
0324147
1997820
8537299
1604793
7728868
1664031
8185202
5910688
9151129
7903507
7401253
7927814
2627779
6603075
8352452
3266552
8254102
9938488
7801618
6602194
4439877
7420586
2216785
1646058
1886954
2755407
7454697
1704527
5733262
3770070
9207700
2776918
6818622
9102409
3094469
0686408
5997344
8090789
9390267
1467526
8081968
0192516
1355580
0751906
1210488
9632573
4126115
0145881
4437034
3067155
7413888
5545620
1232442
6837526
9549359
3366595
4583792
9792597
4546134
6093883
1698010
7233629
7727337
4606379
2446139
7762845
4896667
7039201
9397814
0043930
0724652
1384262
7649414
7776377
2475335
9795289
5211528
8549225
5197497
6281938
1297457
6989068
7011299
3531612
5780325
4780342
5762456
2247834
2982226
6840761
0101663
0116185
4782029
9518745
8917949
9765338
9836539
3115769
2476118
0253320
0582399
3490621
5931231
7553092
1657532
9349968
6710563
2817415
6269585
9183357
2785440
7786379
0374203
1181857
5456591
2720613
0132142
0760945
5037725
5905250
5988505
7875655
2767148
1778080
7351781
4054516
9730993
4259474
0952521
6816100
2786132
0568880
2555599
5893540
9882163
6192026
1514032
6693577
7843900
9691265
4062853
5890697
2861615
0871418
6767105
6405586
4250139
4805339
0226609
0670871
5412904
9896224
4893249
5895345
1351212
1866428
9705662
2358941
8594490
0959645
9203868
8259058
7118977
9415517
1975118
8387342
9128745
4821006
8089716
8731408
0843986
2488733
6822725
3397316
7877167
1889387
9783965
7310461
0902364
7911294
3264442
6173548
5338900
7949692
6906569
5169907
2985259
4769333
8356270
4131463
6178504
8924660
0648852
6829778
5477623
9808938
9922542
5998126
9805349
0442763
4066127
1470995
8689425
5307276
0943735
3245131
6550095
9575430
2333207
9361196
7218032
3283837
7941697
4602809
7877854
3115731
2071562
1551941
3434874
3434296
0010380
2951693
7648718
5853126
2277926
9051641
5794940
8829024
5798479
0468459
7571676
1458284
9295861
8046441
9891843
4369840
6433078
7721895
3454574
0989500
4436036
3662812
8478226
0090037
1750509
9079673
1676816
9845315
8494694
8808404
3517605
9965727
9387848
2695366
7945113
4098751
8352139
9864583
6198050
4884809
5320522
7781918
2978785
0873956
6171061
6232041
7570595
2931069
4502169
8156926
1418178
4622461
7213734
5165077
7973681
0002042
4048964
0745501
8167671
2812526
2466154
6828709
1635948
8007643
1485282
9132605
7258929
1727616
3838732
3049727
3695641
5129425
5967669
3259196
8622732
7885969
7874606
8055395
6816199
1819390
6815911
0274993
0592380
0457608
2092046
8115796
3174514
1405782
4361381
5963187
8500354
3395118
8338488
3595882
7833933
7799434
7588178
2015281
0501677
5782077
6290662
5534721
5864314
6496842
8473854
8115764
9023460
2003639
0291002
8913394
7920277
6584562
3953921
4884872
9348585
9940140
6383092
3660070
8170335
1960909
3713547
3592294
9809915
5351265
4756308
2922680
8484884
0581602
1777622
5135561
4453228
6182068
9931332
5098723
6033870
5493801
0239675
0309977
9051182
2699079
1290860
4689377
1720670
5351799
4284261
8945832
5302091
0813281
6029989
8166163
0248290
0016742
1461823
6379609
9302353
4131051
1494120
4631914
6639546
8442918
0370805
4657418
2229985
7776335
0810426
6073932
1775679
3482123
2053952
3048108
4728922
4014162
9807988
4191392
0483912
9572971
7004020
4722617
4674464
2584815
6059642
7549288
4835129
6614706
4584795
6522321
6566795
9817305
0991354
4082302
3011854
7937889
4344783
2516485
5895177
8315674
0570185
9553016
1524175
0707846
4637862
9819582
6766473
1958269
3927785
4576472
0291026
8886447
8831732
9330922
0448265
8403959
0045201
7981250
6530901
0225099
7482114
4516238
2233391
1461768
5967453
4701141
5383918
8916459
1210684
5042597
9639000
0967209
5315442
1192024
1939079
2514214
6745735
2258688
3442798
2795344
8550005
6141447
6358706
1294681
7615403
6458938
0518440
5983672
3129023
5796433
7893654
2521228
8799836
8906622
0950252
3611612
1700707
8824573
0048227
3612488
8740856
4368522
9089760
7102535
7005564
2905490
2893852
4519285
4985819
8634346
0681044
1452993
6133822
5751743
2155866
9624803
8174403
9277162
5646421
3841928
3415465
1418891
5272504
7418895
3932538
5283628
8689373
5523047
0833327
6139436
3781732
4964801
9258159
3981767
1981094
4862933
2360186
0738842
2025722
0472010
4113234
4659193
7429614
4967035
8903269
1826476
5488536
0541080
0257886
0399007
1116502
6661800
4208620
8510034
1358098
8135238
7234561
1916297
2922693
8954741
5011578
8482762
6280672
3826652
2801033
6881076
6488607
5692879
1032142
8534014
6738328
1082376
5688008
9247221
4543370
6994527
7426602
3761609
6719090
6928801
8102993
4357240
1430959
7336507
0237635
3096596
6889926
1192528
2509405
8991282
1398361
6346740
9968909
0606213
8260769
0725924
9920835
0873438
0167450
7774585
9777467
9556554
7811513
8156339
7459974
4665811
2153728
0481679
1354407
8532912
3331401
7307946
6712104
1286524
3838328
8379679
4992187
4280107
2424503
5519035
6498969
9367348
6001085
6629614
5678361
9007939
4643561
5718264
2617547
9012489
1402964
1562095
1101422
6165203
6895274
5468573
9155870
6158939
9568589
1512287
7587341
8049148
5089924
5315167
8410533
0324076
2967357
0211240
9221705
7513147
8917821
5428624
2354952
9651298
7928069
5268038
6447496
9283818
9172010
6397047
0703071
4121506
8974861
4415617
5699960
3570365
2137489
8133227
7708348
2488990
5340942
5888132
0458549
0200585
5828349
4199205
4016872
7808001
4129400
1836745
4639029
1032545
1157223
5316261
4057306
0380789
9242410
6969935
6054487
3545056
0747841
5105999
8987812
8023935
1557185
3675707
6605904
0927087
5646664
5323134
9472050
0550671
4930676
9884319
2827613
7905795
8705894
6600402
8151089
0782512
8827960
4854807
3176360
5889702
4990366
9444320
4918155
4707887
6161433
6323053
5880651
6416951
3847863
8237456
6809279
3553212
6582935
4630658
1295768
2361083
8831415
4741826
8092242
3835903
8670224
2526808
0873937
3235599
3338311
2516516
2741911
8902118
1257263
7085220
1208461
9201486
6285727
3805622
9605508
2620634
6762643
9094374
8735693
2864757
9395099
3138994
4825026
1736980
5979112
9087195
6366411
6736323
5147505
3502497
0180586
5172072
3424154
7602958
5503291
4724413
9226462
7413070
7655846
1823573
7534861
1844199
5888742
2560904
8891554
9245844
9772862
2240489
8386333
8996375
8458280
2264244
7944509
5368091
6374096
8168177
6725989
1414240
2735160
4322831
6591526
6613029
7753735
4758450
3450768
8402202
1582760
3686932
9375802
9905569
0036948
4708416
6882855
3603693
3247552
3733664
6609681
3983476
8225485
7483800
4183973
7041263
8003394
6852402
0281212
0985216
6935031
5944825
1114263
4623717
8828052
0392994
9752728
7333911
7034809
9476600
2440509
9958068
9211703
6287034
5212265
9233059
1516459
2025923
7983384
2878688
2282299
2120379
7124057
1404596
9218926
7229926
7383055
5337165
9322106
8005371
3573327
3209321
7260596
3611235
6446250
0243682
2761154
5956644
6048458
6502294
6153792
0096231
5814388
3589965
6331842
8875975
4435814
6453670
4551521
9537411
2017290
3574322
9382473
9724927
3325050
0598273
4917547
4822045
0441870
3699479
1638899
0129441
2149682
8833783
2028121
8196858
8303395
4750133
5634224
8389626
0060006
2186882
3781310
6837599
8578880
1513265
5168231
0165589
7839097
2843843
3648611
5599714
9028424
3345180
2923896
5056477
2661664
7192557
9845151
7984152
9454452
2024809
1559442
4287353
4944019
0683984
6516259
6584534
5675815
6118844
8914453
7308529
5455530
8458147
3864345
5410742
7862388
2422750
4560936
4089985
8266336
0074730
5636193
4494289
2362909
1823665
6943060
9972721
0731340
2999335
5791824
9704829
0056489
2962488
2162974
0046885
7645528
1111090
1546969
9699212
1650230
1425394
3716346
7441283
2176617
2353378
4783110
3872411
5146120
5639248
9788868
7749653
4173138
4641382
6335290
1015365
7133486
4627405
6246066
3212493
0502387
6467611
8515741
2262411
0083777
2649451
2979843
9246070
3323711
6202902
3550781
2436388
3394767
9838271
1648708
7844846
6941769
5872840
0448059
7850815
0898643
0074147
0027420
9615140
3492679
2861514
0710909
0339673
4887247
3575049
1320654
7223327
7831980
2329803
4805255
6105271
9497283
1669486
0280214
2831631
6709807
2483989
4153379
2488459
0155337
3353582
9926912
7306518
6857820
4204698
1546156
2334387
8085944
1478627
0625690
1831173
6724803
2745698
6077097
8922804
2044499
1757309
3396913
6290909
0935852
0626874
3397080
6856254
5127412
8278662
7998582
6667888
4765286
3609279
5238045
1254892
8595446
3586090
8463551
7619331
1558745
9249459
3338203
8107393
5903179
7197791
3248232
6753448
1610508
4459940
0789759
8769971
9186123
1000597
6454720
3743837
8550094
3061264
3525414
2744331
8898909
4129255
9848392
7102402
8771749
5275420
7089457
2205650
6100911
8750175
4004322
6689081
7741484
7556156
9060858
7234754
1801723
5757622
7244767
0397202
2847106
8929202
8017611
3481629
4589771
2386795
2004044
7765327
8859723
5578632
3855288
0159303
6736612
2158219
1992885
9103426
2756186
2713259
1457296
1217131
6604333
9741298
5107489
3796592
7495395
2623249
8751057
4146280
6347035
4106730
1752631
3270918
6628566
4276537
0297262
0271461
4229108
5685013
8895756
4728115
3024012
2747309
8160502
5816119
7088182
0142022
4712834
6608708
3444149
6025840
7627258
2249716
8435476
3519281
9896419
8660708
2983628
8121597
5651087
3624554
4200389
2018875
4453555
8768396
9842549
8265799
7455316
6574780
0842829
4155603
0054492
2677263
7630599
4010817
8732638
2827280
2606600
8135764
2221286
5865498
6096953
7988833
3763381
4740802
3544647
1191567
7011933
8823879
0068474
5387982
6316956
5717816
8024313
4000038
7059208
4349252
3406393
0377306
8412347
1738315
0937749
4991095
4681725
0694459
5535264
3268292
9876754
9492209
3542764
0731835
6267803
7895512
5399132
5042553
7445659
3033310
1017627
2749649
5057207
4018838
6626369
7749642
9243646
2733707
6570646
6739054
7662936
3376692
7547226
6437043
4161922
3882389
8362104
8111053
1970546
3864764
4980389
5649488
7087572
8821261
8224689
0289764
3293212
7782024
3579834
6019725
3964951
2965818
1447614
1495272
9147342
2553380
4625791
6463191
8339324
8017118
8647954
4867868
0193626
2585472
2286970
2869741
5080279
5308693
5386170
1371743
6109410
6354628
7812442
4887542
4293164
0447833
9504048
9823140
7693528
8621062
9595973
2785153
0171611
3634094
2798703
4888169
0813061
0136827
9834415
2337036
2819357
2070436
5065794
3529104
0830448
6680691
8487463
8556189
8554825
4434610
0999396
5272336
0551610
1764524
7552342
0385855
9133616
1672479
2452717
2679096
3777367
4111538
2549659
8249491
3398569
8741235
7737607
5790606
9057367
3895456
1809243
7885444
2207785
3063912
8394032
1746512
6007230
3763626
5787206
0087388
2010437
2512282
8320037
2804338
6119496
4738682
2504085
5616355
3374479
3712514
8050427
2599518
6210178
3984743
1952285
1614315
5333819
0267693
1190390
3139273
5068611
4520927
6348664
3691039
5177059
9427797
9536350
0363559
3058088
3032335
4342311
9822169
3544736
1568938
8861900
7226570
2745053
6245165
9030079
7353894
0426511
7404680
5140209
5906414
4440108
1158380
3727154
1975086
0977497
2017540
8788159
8051960
1974496
5008639
9462072
8045902
5810257
4238826
7261037
5840760
0683650
9267031
7145980
5664751
1636485
1057334
6330386
6068327
0053845
7273629
5749543
0717658
4223748
2883948
5800873
4614438
2752904
5196873
7849188
9024983
8251894
8662304
9264189
6153980
7723055
1527504
4543272
2903537
4555645
9595376
8783820
1725697
0996869
0680965
8682216
5766635
7629028
3011145
5429191
5722775
9630920
2278529
1522571
6000738
3064126
2757910
6464198
3743105
9513295
0847033
