604962938
312713558
259397674
454261791
674293385
949388839
730445317
339305491
026306749
468619221
725940413
742138985
905784503
048283345
967302407
066729658
503895914
061100585
603719234
805592015
052102227
237491870
411241933
458757453
728619605
130681918
332592985
876790603
290597771
040398861
282517079
413834081
477392914
477847230
824774732
117973158
511280752
143604115
106597982
432506266
316633048
349362387
287063159
166155003
930468146
158825883
947294266
896935432
623604250
222919826
469962332
807371474
503057456
893101947
035091532
019635735
183036384
223038431
007813084
849309032
112201766
135411480
334018224
650236915
107845437
439007981
529552179
921893560
378168156
592412788
718632424
818152297
433340534
556042204
828047636
017176096
507297496
317424159
279022175
934437642
691002044
593487808
767709232
809027300
338322560
777939116
627066016
242152492
384082874
068776208
684684187
473385015
247633326
771476697
526724648
098897437
158768447
871834972
244136551
889856171
