9746518
9397358
9378706
9375802
9330922
9322106
9243646
8866042
8705894
8534014
8516278
8500354
8315674
8267186
8259058
8017118
7877854
7874606
7844846
7420586
7133486
6133822
6020698
5998126
5906414
5599714
5383918
4630658
4516238
4493726
4435814
4416754
4288082
4282826
4190702
4161922
4121506
4111538
3592294
3574322
3454574
3424154
3389858
3046814
2847106
2804338
2745698
2360186
2221286
2186882
2071562
2025722
1981094
1975118
1886954
1828702
1425394
1286018
1116502
1057334
1019474
0910634
0871418
0717658
0377306
0291026
0291002
0142022
0132142
0002042
9792597
9595023
8410533
8341923
7752111
7619331
7454697
7011933
6970389
6488607
6161433
5967453
5931231
5493801
5351799
5316261
5197497
5156787
5140209
4659069
4607151
4372377
4250139
4010817
3713547
3573327
3544647
3481629
3331401
3237303
3083523
2967357
2931069
2755407
2744331
2699079
2677263
2440509
2120379
2102343
1831173
1775679
1664031
1604793
1157223
0967209
0945249
0937749
0482421
0289059
0267693
0159303
0096231
9809915
9783965
9691265
9221705
9132605
8906622
8195305
8055395
7911294
7875655
7429614
7306518
6745735
6566795
6315955
6245165
5853126
5801795
5790606
4991095
4967035
4821006
4614438
4593714
4555645
4453555
4368522
3763626
3716346
3713046
3570365
3434874
3340182
3250626
2861615
2700505
2599518
2516485
2475335
2386795
2247834
2207785
2155866
1559442
1558745
1485282
1470995
1329605
0959645
0760945
0680965
0626874
0621485
0448265
0385855
0370805
0350915
0237635
0061062
0046885
0016255
9822169
9632390
9408119
9242410
9155870
8833783
8201330
8007643
7979419
7839097
7322870
7302407
6453670
4698323
4639070
3984743
3882389
3776530
3675707
2749649
2649451
2605390
2158219
1881313
1760969
1334390
1275253
1190390
1111090
0384310
9079845
8872845
8691105
7905795
7721895
7495395
6550095
5337165
2584815
1992885
1614315
1118415
8550094
6290662
5157166
4712834
4170502
2277926
1568938
1358098
0581602
0180586
8728890
8728251
8594490
8017611
6766473
5880651
4783110
4623717
4282341
3950247
3770070
3493623
2864757
2720613
2114679
0549969
9233059
6928801
6495907
5646421
3876037
3560777
3338203
2278529
1461823
1216633
1148059
0847033
0481679
0171611
9590154
9556554
9353155
9201486
8389626
7850815
7671545
6628566
4728115
4126115
4000038
2853186
1557185
9896419
9765338
8353319
7812442
7801618
7655846
7229926
7036471
6995599
6844706
5929858
5800873
5651087
5308693
5150821
4887542
4666649
4643561
4066127
3396913
2946619
2761154
2488733
2358941
2162974
2092046
1384262
0598273
0016742
9743547
8224689
8024313
6719090
5330193
4957887
2905490
0248290
7588178
7439354
7217054
6882855
6210178
6048458
5757622
5003206
3712514
3064126
0397202
9891843
9513295
7753735
5315442
4439877
3895914
3657693
2804763
1191567
0842829
0129441
9221730
9068021
7928069
6710563
6031830
5798479
4769333
4276537
2951693
2483989
1823573
1522571
0745501
8510034
8379679
8050427
7687758
7048535
6287034
5360630
4689377
4659193
4129255
2627779
1801723
0943735
0731315
8156339
7418895
7118977
5810257
5512485
4750133
4669526
4606379
3264442
2282299
0898643
0244891
8356270
8298363
7648718
7226570
6335290
4543370
4131051
3575049
2903537
1354407
0625690
0458549
9087195
8929202
7551854
3624554
2017290
0881182
9497283
8473854
8303395
6767105
6724803
4704155
3366595
3325506
1669486
0203286
8090273
7811513
4884809
3995077
1151587
0570185
0447833
0200585
0155337
9692969
7998582
6110058
6061722
4888169
3677298
3637398
2997709
2757910
1420010
1297457
0810426
0116185
8856334
8254102
3138994
7734286
5963187
2869741
0297262
8741235
4584795
3611235
7723055
6889926
6165203
3771402
0151354
9415517
8861849
7920277
7918247
7336507
7230889
5796433
3148153
2024809
0048227
1516459
9705662
8788159
8621062
8512266
7781918
7762845
6604333
6591526
6570646
5008639
4995255
3033310
2819357
2617547
8556189
6640971
3090327
1000597
0922454
7119903
6602194
6330386
4641382
3805622
3442798
2776918
6000738
5910635
5895177
4016881
3525414
2166155
1823665
1032545
9639000
4805339
3558905
9246070
8334571
6246066
6171061
5323134
4089985
3444149
2834795
2229985
1181857
9348585
5685013
5407990
2926219
7261037
6078790
4782029
2982226
2476118
2353378
1819390
9065666
7885969
6837526
4837454
3595882
0697894
9057367
8160502
6693577
3246861
9940140
6416951
5800721
6202902
5125571
4627405
4551521
3743105
3526963
9922542
9838271
8478226
6736323
5172857
4980389
4904634
3922634
2015281
7039201
6824774
4680519
0271461
9197614
8045902
7158830
6191914
7384089
5967669
5828349
4238826
2509405
4508381
1939079
3777367
2320307
1836745
6433078
4990366
4657418
4056194
3440815
0002639
9249459
1714983
6109410
5465517
8550005
7749642
4519285
8818829
5057207
3581581
3338311
0694459
0502387
0074147
7602958
7776335
2514214
8891554
4665811
9884319
7376105
6522321
2315305
1320654
9905569
9302353
7587341
5056477
3385007
1958269
1418891
0426511
8247889
7233629
8023935
6762643
4426099
9186123
8902118
1634626
1452993
6463191
8225485
8168177
3727154
2922693
2288905
0961480
1650230
9817305
8458147
3564467
6464198
3094469
7392914
7102402
0150482
6012373
0920448
0501677
7903507
7401253
7273027
7223327
6828709
3872411
1505856
9845315
5212265
1738315
7973158
5751743
4998821
4625791
7893654
4893249
0273066
0483912
8567783
5098723
5477623
4533257
5118247
3798074
2488990
9572971
4520927
6626369
3550781
2965818
0020445
7945113
9795289
2257683
1636485
9836539
8883822
7915295
5011578
2364997
0682541
8731408
2331527
6816199
0550671
8725026
6888511
3729059
0045201
3492679
4722617
8133227
7147669
6837599
2801033
1822343
5168231
0221759
8494694
3586090
3481815
2262411
0053845
4333405
3139273
8991282
2243855
8821261
4322831
1398361
3363117
2979843
0074730
1365334
7988833
3502497
7749653
9549359
5889702
2003942
1032142
8943181
0999396
0873956
0890487
9730993
5905250
3058088
3781310
4704767
8578880
6105271
5794875
1494976
0243682
3695641
3406393
9805349
8869045
4793615
2978785
2216785
0683650
3847863
1777622
0670871
4502169
9757535
3067155
9295861
8151089
3761609
1461768
0441870
8185202
7011299
4199205
3648611
3450768
9024983
9772862
9470765
5503291
9472050
1290860
8768396
0068474
6661853
7234561
1306503
0072594
3257790
0873438
5791824
1562095
8135764
6383092
1371743
0830448
1418178
0731835
4898803
9283818
9102409
4917547
0868829
7445659
5315167
2893852
1990725
0549147
2843843
7547226
3932538
6192026
5278202
9012489
3603693
2706624
2013519
0324147
9834415
2752904
8753017
3095178
7310461
3490621
9648010
6818622
0541080
7102535
0833327
0090037
9595973
3241847
1928917
3630657
5766635
0010380
5888742
7109522
1015365
0719682
5581753
1916297
0380789
2466154
5616355
2258688
6096953
9395099
4204698
3699479
2549659
8537299
1502251
8634346
3838328
6312681
6446250
8320037
0031588
9777467
6551279
5046591
6281938
4535490
2962488
3895456
5675815
0060006
6672965
0167450
0043930
4451749
0873937
1224459
0985216
0988974
5333819
3011854
2153728
1089146
2672464
7704934
5386170
5217994
6970661
7597498
6941769
4113234
0683984
0551610
7089457
4862933
1254892
3660070
2620634
5196873
9407279
4546134
3849110
3482123
1302315
6059642
5700156
5488536
0843986
5525828
4738682
7571676
3796626
5890697
1366470
9397800
3915138
5351265
4805255
0054492
5042597
2079625
0731340
8954741
8824573
0977497
0491318
9518745
2695366
1716514
8682216
5794940
3434296
4082302
1527504
8626340
6600402
4639029
6374096
4637862
1804293
9575430
7630599
4835129
1514032
9743420
2883948
2337036
2795344
5576900
8876790
4918856
9537411
5338900
3137610
5864314
4437034
0713123
6614706
4142965
8013739
6358706
9258159
3478535
9211703
6016691
4280107
5733262
0707846
0532196
4708416
0615061
1648708
0192516
0280214
4666893
4854807
5649488
0506910
4724413
3365334
2424503
5519035
1333987
0738842
8278203
8051960
4131463
2812526
2512282
1527139
8102993
7087572
5664751
5107489
7771130
9390267
0996869
9277162
1017627
5903179
0193626
9972721
6736612
4765286
4613685
1669497
8895756
9051641
8647954
9769043
8487463
0504775
5586331
3374642
0985658
5559063
4399336
3248232
1546156
3638496
3115296
0225099
6331842
6150250
3048108
9805511
9330196
1727616
2431271
8828052
4153379
0991354
4344783
3914791
8411241
1278837
9819582
5268038
2176617
1294681
6073932
4494289
5210222
8917821
5895345
6093883
0463390
0027420
5161466
3212493
1355580
2368923
0927087
2679096
0550451
3945214
1844199
0011975
4699623
3032335
0363559
5387982
0751906
6613029
8595446
4962938
7413888
3266552
8761442
8265799
0399007
1551941
5995944
5398809
4053450
6153980
1222919
9172010
3864345
2078269
7615403
7534861
8121597
0648852
2278048
0281212
7088182
5211528
8898909
6414570
0606213
8166163
8135238
2053952
7152288
8251894
2785153
2018875
0146434
6847769
0582399
0949774
0568880
6935031
2149682
1593661
3345180
9203868
5662999
1720670
3332674
8058923
4918700
1238288
2329803
7267429
0686408
2756186
0703071
7645528
0800550
7649414
2003639
3808741
7570595
6852402
7984152
8090789
9651298
0472010
1654831
4155603
1939152
6121297
7234754
9931332
0391515
9103426
2827280
4229108
9845151
8831415
1569114
3247552
4248943
5636193
1736980
0136827
8266336
9089760
7627258
3115731
2334387
8172861
2817415
3235599
9704829
1809243
2488459
7085220
1023013
8622732
8003394
6935432
6119496
3353582
6994527
4741826
4106730
0813281
5787206
4349252
8776208
2361083
6496842
1383408
6867617
5412904
2827613
5315328
7059208
8771749
6608708
4918155
1700707
1975086
3924172
1513265
6458938
4543272
8046441
1232442
7328246
7357392
1174266
5320522
3325050
2307990
2785440
6068327
5745626
0457608
8156926
2010437
4200389
0725924
7294266
0448059
8916459
7351781
3517605
4525352
7765327
7728868
1698010
3029211
8278662
2422750
9504048
6454720
6346740
1257263
4057306
3397316
7413070
1970546
2286970
1742603
3545056
6269585
3061264
6347035
4756308
9444320
3247784
9476600
7927814
5944825
7258929
4098751
6316956
5042553
0518440
6629614
2735160
1997820
3398569
8005371
5995387
4896667
7944509
5410742
2745053
7776377
8751057
4415617
8482762
5523047
9295142
6405586
1192528
7260596
5816119
5893540
0592380
4867868
5452482
5335645
6498969
7308529
6829778
3049727
3174514
2087893
8549225
8731671
8387342
6007230
4223748
0952521
6198050
3011145
6895274
4357240
0236352
9876754
6029989
9397674
5059461
1952285
7145980
4631914
6857820
1708029
6530901
1210684
8515741
7981250
5634224
8763965
8831732
3691039
2575545
9397814
7876075
6943060
2504085
1646058
7071896
6454261
4390079
6819180
3983476
1764524
3174241
6502294
1610508
8334511
8704039
4602809
5468573
9605508
6773835
9568589
2205650
4459940
5603921
1192024
2650121
3462706
5135561
5749543
8974861
4004322
2466655
3395118
7552342
7218032
7808001
1524175
5077490
2741911
4287353
6739993
1341768
3639314
5988505
5275420
4297460
3579834
6323053
1635948
3573589
9226462
6348664
1404596
1371166
1210488
2831631
3415465
3270918
1467526
8115796
5107845
4026306
7786379
6584534
9867836
6257826
4016872
6379609
0145881
3927785
6447496
4434610
8735693
8089716
0681044
4129400
9921794
4803220
6725989
8174403
2999335
7639390
3781732
0989500
6516259
8260769
2336490
0948575
4740802
5023691
4104388
5307345
9920835
8386333
5512495
8769971
4822045
0253320
5780325
0143548
1514508
6739054
8394032
6969935
7629028
4887247
4353996
6639546
6025110
9536350
5249211
8914453
3394767
9264189
9926912
9454452
9842549
6582935
5649952
7895512
9968909
2751058
9595133
9151129
7869072
0064341
2922680
8750175
8732638
8212776
2333852
7774585
9183357
6285727
4701141
4436036
5170028
8731950
3608428
7383055
7034809
9023460
9718653
0902364
5307276
5037725
1945545
0289764
7702616
8918301
3896361
5238045
3763381
6689081
3634094
9147342
2861514
0312876
4259474
1750509
8922804
4018838
5713404
6822725
7870316
9523387
9218926
0036948
9247221
0087388
0392994
3840828
4560936
7937889
9245844
7831980
1158380
3615372
8859723
9367348
5872840
8869104
5945875
6661800
9462072
1405782
2004044
8336004
7053435
8861900
8758412
5818164
5534721
6001085
3242460
2923896
7353894
1512287
4105676
9965727
7161525
4884872
7799434
7849188
9349968
8913394
2555599
9051182
2983628
3609279
1082376
8652321
3200751
6667888
7415364
4453173
0211240
1463130
0935852
5983672
9662156
7004020
7453017
5456591
4342311
5771996
5762456
7862388
9414020
3841928
0724652
6609681
2516516
1746512
3215132
2585472
3542764
5650281
1674572
8402202
3176360
2881592
6354628
9788868
9173583
2201766
5639248
8945832
6989068
9391168
7553092
5517192
7727337
7143604
5535264
6437043
4448187
0425050
3544736
3376692
5578632
4825026
6173548
1414240
9958068
3838732
4080832
2436388
9353396
0239675
7404680
5411450
7455316
1642842
9874548
8301076
8689373
5147505
8532912
2472572
5634968
3733664
2798703
1778080
1101422
8354898
7005564
1447614
9128745
5956644
9595376
9094374
1494120
7483800
1866428
6805592
7845035
2606600
7549288
6397047
2297893
1704527
6574780
0257886
5808105
5272336
2017540
7220349
6037192
3826652
7949692
5759572
4208620
8124500
6856254
6959264
6232041
4719324
7284988
8167671
6141447
9823140
5979112
5146120
9630920
1384632
7079216
8352452
4728922
2684504
1826476
8554825
9808938
5699960
8628060
4904248
1883816
0949388
3553212
9896224
6042204
1924880
7459974
9615140
5089924
8924660
4930676
5910688
9607150
5292189
3397080
5129425
6603075
6100911
7192557
5068611
5782077
7662250
5545620
4758450
6153792
9807988
4807180
2588325
5112807
8561716
7213734
9382473
8662304
1582760
6812404
6709807
6712104
3612488
1114263
7844823
8735792
3531612
8442918
5270924
9699212
2138985
6473385
5678361
5840760
4780342
8783820
0782512
5349132
3771652
6077097
0468459
8085944
9771660
3487808
4369840
5717816
2760650
0056489
4293164
3832256
8170335
5455530
4936383
1974496
1495272
4681725
7333911
3293212
8740856
6753448
6139436
6033870
1611096
7900191
6816100
3488359
8996375
3250305
7273629
3529104
9935508
6025840
7843900
5399132
3589965
6019725
2249716
0324076
6182068
2661664
0083777
5316633
4453228
0789759
2878688
6118844
1457296
8829024
9207700
8484884
5065794
2275752
4653089
4198436
2354952
9741298
0101663
5726056
0413332
4146280
9955488
1676816
9553016
1351212
8689425
9605223
6538374
3063912
2553380
4191392
3162648
2382678
6605904
4674464
3855288
1295768
8107393
0165589
6731720
9938488
9361196
1672479
5997344
2264244
5283628
0190271
6881076
6280672
8859555
8808404
8458280
6845728
5172072
8827960
4014162
8053092
0226609
5722775
4173138
6366411
3796592
0950252
5718264
6680691
3024012
0274993
9977652
7885444
4583792
2597031
5340942
8339324
8435476
8660708
0309977
5047696
2526808
7662936
2560904
1286524
7782024
5865498
7983384
8040504
4039116
5428624
0339673
8338488
8362104
1402964
8875975
4372476
1458284
6584562
4440108
0374203
7307946
7426602
1657532
7482114
7931718
0442763
8092242
8196858
4284261
4307859
9998860
9060858
8081968
8237456
2070436
8670224
9133616
4576472
2521228
5272504
0669121
8064228
0673793
2767148
2786132
5646664
0710909
5688008
0729749
0737147
0747841
6178504
3096596
9488964
0791191
0813061
3259196
3268292
9825924
6686312
6738328
3443764
7833933
3611612
3662812
3686932
0936161
7693528
3864764
8823879
8886447
4048964
4054516
8120584
9427797
9028424
4636916
1165103
9387848
1208461
1217131
9752728
9848392
5127412
1430959
5814388
5888132
1478627
1493813
1546969
1638899
1725697
1752631
1757309
7295812
1849733
7556156
1889387
7677092
7708348
7741484
1960909
1972591
8049148
2025923
2028121
8115764
8130844
8168156
2044499
2079563
8396236
2137489
8799836
2224037
2233391
2240489
8987812
2333207
2362909
2376271
2399611
2446139
2452717
2504189
2623249
2713259
2733707
2747309
2932511
2985259
3115769
3122447
3129023
3209321
3245131
3283837
3323711
3374479
3488777
3519281
3743837
3835903
3953921
3964951
3981767
4062853
4103401
4183973
4238753
4361381
4434737
4589771
4622461
4707887
4883413
4944019
4964801
4985819
4992187
5031071
5080279
5105999
5165077
5169907
5177059
5285053
5302091
5368091
5429191
5679101
5692879
6054487
6132167
6158939
6267803
6290909
6467611
6615031
6721189
6809279
6815911
6840761
6846841
6906569
6967757
6986449
7041263
7106597
7124057
7197791
7244767
7424413
7441283
7456237
7493393
7513147
7566113
7737607
7854541
7877167
7941697
7973681
8111053
8249491
8345791
8352139
8403959
8412347
8418001
8463409
8463551
8718349
8801467
8903269
8917949
9007939
9030079
9079673
9267031
9441977
9492209
9624803
9632573
9724927
9864583
9882163
