9639000
9940140
0002639
0961480
0920448
1505856
7893654
0483912
2488990
0020445
5011578
8731408
0550671
0045201
2262411
0053845
0074730
5889702
0999396
0873956
0890487
5905250
3058088
3781310
8578880
5794875
1494976
0243682
0683650
4502169
1777622
0670871
3067155
1461768
0441870
3450768
9472050
8768396
1290860
0068474
1306503
0072594
3257790
5791824
8135764
0830448
6383092
1371743
1418178
0731835
4898803
9283818
0868829
5315167
2893852
1990725
2706624
2752904
9834415
8753017
9648010
0541080
7102535
0833327
5766635
0010380
1015365
0719682
2258688
3838328
6312681
6446250
0031588
5046591
6281938
4535490
2962488
3895456
5675815
0060006
6672965
0167450
0043930
1224459
0985216
0988974
3011854
2153728
2672464
5386170
7597498
4113234
0683984
0551610
1254892
3660070
5196873
4546134
3849110
1302315
5488536
5700156
5525828
0843986
7571676
4738682
1366470
9397800
5351265
4805255
2079625
0054492
0731340
0491318
9518745
8682216
3434296
5794940
1527504
4082302
8626340
6600402
6374096
4637862
1804293
9575430
1514032
4835129
9743420
2883948
2337036
2795344
5576900
8876790
4918856
5338900
9537411
3137610
4437034
6614706
6016691
4280107
0707846
4708416
0532196
0615061
1648708
0192516
0280214
4666893
4854807
5649488
3365334
0506910
0738842
8051960
4131463
2812526
1527139
7087572
7771130
9390267
0996869
1017627
0193626
9972721
6736612
4613685
8895756
8647954
9769043
0504775
3374642
4399336
3248232
3638496
3115296
1546156
0225099
6331842
6150250
3048108
9330196
1727616
8828052
0991354
1278837
9819582
5268038
2176617
6073932
8917821
5895345
0463390
0027420
5161466
1355580
2368923
0927087
2679096
0550451
3945214
1844199
0011975
4699623
3032335
0363559
5387982
6613029
0751906
4962938
7413888
3266552
0399007
5995944
5398809
4053450
6153980
1222919
9172010
3864345
8121597
0648852
2278048
0281212
5211528
6414570
0200585
0606213
8135238
2053952
7152288
8251894
2785153
2018875
0146434
0582399
0949774
0568880
6935031
3345180
9203868
5662999
1720670
3332674
0155337
4918700
1238288
2329803
0151354
7267429
0686408
7645528
0800550
0703071
2003639
7570595
6852402
7984152
8090789
9651298
0472010
1654831
1939152
6121297
9931332
0391515
2827280
4229108
9845151
8831415
1569114
3247552
0090037
5636193
1736980
8266336
0136827
9089760
3115731
2334387
8172861
2817415
3235599
9704829
1809243
0273066
7085220
1023013
8622732
8003394
6935432
6119496
6994527
4106730
0813281
8776208
4349252
1383408
6496842
6867617
5412904
5315328
0016742
7059208
8771749
6608708
4918155
1975086
3924172
1513265
6458938
4543272
0324147
1232442
8046441
7357392
1174266
3325050
2307990
0501677
2785440
6068327
5745626
0457608
2010437
4200389
0725924
7294266
0448059
7351781
3517605
4525352
7765327
7728868
3029211
1698010
2422750
8278662
9504048
6454720
6346740
1257263
4057306
3397316
7413070
1970546
2286970
1742603
3545056
6269585
3061264
6347035
4756308
9444320
3247784
9476600
7927814
5944825
7258929
4098751
6316956
5042553
0518440
0002042
2735160
1997820
8005371
5995387
4896667
2745053
7776377
8751057
4415617
8482762
9295142
1192528
6405586
7260596
5893540
0592380
4867868
0873438
5452482
5335645
6498969
7308529
6829778
3049727
3174514
8549225
8731671
0150482
6007230
4223748
0952521
6198050
3011145
4357240
0236352
9876754
6029989
9397674
0116185
5059461
1952285
7145980
4631914
6857820
1708029
0297262
6530901
1210684
8515741
7981250
5634224
0549147
8763965
8831732
3691039
2575545
7876075
6943060
2504085
1646058
7071896
6454261
4390079
6819180
3983476
1764524
3174241
6502294
1610508
5468573
9605508
6773835
0074147
9568589
2205650
1636485
4459940
5603921
1192024
3462706
8974861
4004322
0570185
2466655
3395118
7218032
7552342
7808001
1524175
5077490
4287353
6739993
1341768
3639314
5988505
5275420
4297460
3579834
6323053
1635948
0985658
9226462
6348664
1404596
1371166
1210488
2831631
3415465
0048227
3270918
1467526
8115796
5107845
4026306
6584534
9867836
6257826
4016872
6379609
0145881
3927785
1669497
6447496
4434610
8089716
0681044
4129400
9921794
4803220
8174403
2999335
7639390
3781732
0989500
6516259
8260769
0203286
2336490
0948575
4740802
4104388
5307345
9920835
8386333
5512495
2549659
8769971
4822045
0922454
0253320
5780325
0143548
1514508
6739054
8394032
6969935
0380789
7629028
4887247
4353996
6639546
1562095
6025110
9536350
0271461
0221759
1634626
5249211
8914453
3394767
4199205
9264189
9926912
9454452
6582935
5649952
3729059
7895512
3727154
2751058
9595133
9151129
7869072
0064341
2922680
8750175
8732638
8212776
2333852
2149682
7774585
9183357
6285727
3481815
4701141
4436036
5170028
3478535
8731950
3608428
3033310
7383055
0713123
9023460
9718653
0902364
1089146
5307276
5037725
1945545
4704767
0289764
5503291
3440815
7702616
8918301
3896361
5238045
3212493
2331527
3796626
3763381
6689081
3634094
3915138
4155603
9147342
2861514
3241847
1650230
2756186
0312876
4259474
1700707
2087893
3699479
1750509
8922804
4018838
3353582
4142965
5713404
6822725
7109522
7870316
5042597
9218926
0036948
9247221
0087388
0392994
0016255
3095178
2650121
3840828
4560936
1294681
5118247
2741911
7937889
7376105
9245844
0129441
7158830
1593661
7831980
5407990
8634346
7988833
1158380
1716514
4722617
7945113
3615372
5465517
5519035
9772862
1551941
8859723
0248290
9367348
2216785
5872840
5410742
9595973
8869104
9730993
5945875
2353378
1181857
4805339
6661800
9462072
1405782
4344783
8494694
2004044
3586090
4904634
4204698
3573589
8336004
2512282
2476118
7053435
2361083
0977497
8861900
3798074
3550781
4741826
7445659
8758412
5818164
5320522
6895274
5534721
1000597
8320037
1333987
6522321
0873937
6001085
3242460
2488459
3932538
2013519
1320654
2923896
7353894
8916459
6629614
3398569
1512287
2827613
3558905
2243855
5023691
4105676
6661853
2078269
9965727
7161525
4884872
7885969
5787206
4602809
7799434
9884319
1032142
7849188
9805349
8387342
6464198
9349968
6626369
8913394
2978785
0625690
2555599
9397814
9051182
6551279
2983628
5135561
3609279
1082376
6109410
5559063
2982226
8652321
0458549
3200751
6667888
7415364
4453173
7776335
2695366
1738315
7328246
0211240
7034809
5749543
1463130
6725989
0935852
5983672
8156926
5888742
2620634
9662156
2320307
4639029
7004020
7453017
9836539
9407279
6463191
5456591
4342311
9549359
1819390
5771996
8898909
2431271
5616355
5762456
5210222
7862388
2017290
9414020
8902118
3841928
5523047
9523387
7786379
7627258
7234754
0724652
6609681
2516516
2965818
1365334
5816119
9024983
1746512
3215132
8735693
9842549
2466154
9968909
4765286
4665811
6816199
2585472
6012373
6818622
8411241
3808741
8943181
3542764
4248943
7649414
5650281
1674572
3630657
8402202
6736323
7088182
0810426
1032545
9777467
9395099
3176360
8334511
0426511
2424503
3094469
2881592
6354628
3603693
9788868
9173583
2201766
8704039
5639248
9103426
8945832
9922542
4793615
6989068
9391168
1502251
0682541
7553092
2288905
7547226
5517192
7727337
7143604
8278203
5535264
6437043
1452993
1420010
4448187
7602958
0425050
3544736
3376692
1836745
7944509
5578632
4825026
4333405
6173548
2315305
1414240
9958068
7630599
2003942
3838732
4080832
2257683
2436388
1669486
8595446
8761442
3914791
3777367
5733262
0046885
2979843
1516459
0697894
9353396
0502387
0239675
7404680
5411450
5864314
4153379
3847863
7455316
6824774
1916297
1642842
8023935
9874548
6941769
0061062
4494289
9258159
8301076
8689373
8168177
5098723
3526963
5147505
8532912
6358706
2472572
5634968
3363117
3733664
8512266
3444149
2798703
3502497
1928917
1297457
1778080
6888511
9817305
1101422
0731315
8354898
7005564
1447614
5217994
7233629
9128745
4551521
5956644
1714983
9595376
2509405
6059642
9094374
1494120
7483800
1823665
9277162
1866428
3611235
6847769
6805592
0244891
0180586
1398361
7845035
2606600
0694459
7549288
6397047
6093883
8247889
8891554
2297893
9470765
4724413
5107489
1704527
8869045
3482123
8058923
6574780
5586331
0257886
5808105
5272336
2229985
2017540
4995255
0943735
8991282
7119903
7534861
2166155
9757535
5125571
7615403
7220349
0397202
6037192
8166163
5664751
0171611
5212265
3826652
7949692
5903179
5759572
4016881
5278202
2922693
4584795
4208620
2757910
8124500
8725026
6856254
6959264
6232041
8265799
7704934
4719324
7284988
8167671
2843843
4238826
8567783
7039201
6141447
9795289
8883822
1822343
9012489
9823140
5979112
2834795
5146120
9630920
6192026
8160502
7915295
1384632
7079216
8352452
4519285
0447833
4728922
6078790
2684504
1826476
8554825
4451749
9808938
3743105
3525414
3490621
5699960
8628060
4862933
6171061
2997709
6693577
4904248
1883816
9348585
0949388
2869741
0842829
8487463
4782029
8102993
7762845
3553212
4893249
5890697
0881182
1801723
9051641
9805511
5333819
2514214
9896224
6042204
1924880
1418891
7459974
4627405
9615140
8013739
5089924
3406393
0549969
8924660
4930676
3648611
5910688
4089985
1354407
2364997
3771402
9607150
7749642
3761609
2801033
8225485
6202902
5292189
3397080
3695641
9057367
5323134
6031830
5581753
3246861
5129425
6603075
9211703
3139273
9845315
6100911
7192557
5068611
7089457
8185202
6970661
4917547
1191567
5782077
7662250
8741235
5545620
6096953
4758450
9246070
2903537
3637398
6153792
0096231
3677298
7734286
3325506
8824573
6165203
1958269
5512485
7261037
8954741
6246066
9807988
2627779
4888169
4807180
2588325
6000738
5112807
4543370
8561716
3090327
3492679
8550005
7213734
4680519
0384310
9382473
8662304
1582760
3366595
6812404
6709807
4322831
6712104
5910635
3612488
8334571
1114263
1939079
7844823
2905490
0581602
8735792
3531612
7310461
8442918
8537299
4056194
0481679
0745501
9221730
1557185
2776918
7418895
5828349
5270924
9699212
0598273
5967669
9087195
2015281
0898643
0237635
2138985
3922634
6473385
7234561
6105271
5678361
3595882
5840760
5360630
6335290
4780342
8783820
0782512
5349132
4657418
3771652
7648718
6889926
1151587
5168231
7011299
6077097
9186123
0468459
7102402
0159303
4990366
6061722
8085944
3564467
6110058
9771660
3487808
4520927
3872411
4369840
5717816
2760650
7392914
4704155
3442798
7226570
9102409
7973158
0056489
4293164
7384089
3385007
4533257
3895914
8151089
3832256
4659193
8170335
5455530
4689377
4936383
3805622
1974496
1495272
4681725
7333911
1384262
3338311
3293212
5895177
4625791
4129255
8740856
8356270
6753448
4837454
6882855
9249459
0132142
6139436
6033870
1611096
7723055
7900191
3581581
6837599
9692969
2853186
9295861
6816100
3138994
6433078
4998821
7749653
5477623
2024809
3575049
7998582
0350915
7147669
0142022
3488359
2804763
8996375
6191914
3250305
4426099
7273629
3529104
0370805
1118415
4641382
9935508
6025840
6640971
0847033
0385855
7843900
5751743
2926219
5399132
6767105
3589965
6019725
2249716
5315442
6287034
8133227
4131051
0324076
8821261
6182068
8473854
2661664
0083777
5316633
2617547
4453228
5056477
5963187
0789759
0267693
1522571
0448265
2878688
6118844
2819357
1457296
8829024
9207700
8484884
6837526
8045902
3657693
5065794
2275752
4653089
2092046
4000038
3624554
4198436
5057207
4508381
6719090
3264442
6828709
0289059
1358098
8303395
2354952
2162974
8556189
7687758
9741298
2114679
0101663
7223327
6330386
5726056
7273027
0413332
8478226
4146280
9955488
7401253
1148059
0626874
8050427
1676816
6602194
9197614
1823573
1614315
7048535
9553016
3148153
8379679
8510034
1216633
6762643
1111090
7903507
1568938
1351212
6570646
6591526
4439877
9572971
4980389
8689425
3064126
4126115
6724803
9605223
1190390
2282299
5172857
6538374
9065666
0621485
2761154
3770070
8458147
3063912
2553380
7587341
2720613
4191392
3162648
2382678
1992885
1461823
1334390
7781918
4728115
0680965
2864757
4669526
6605904
7753735
5800721
3712514
0291002
0291026
4674464
2483989
8621062
4957887
0760945
5685013
6416951
9302353
6628566
4783110
3855288
0482421
5330193
5008639
1295768
2277926
8298363
8107393
0165589
3493623
8818829
9497283
9705662
9905569
6731720
2584815
9513295
2951693
3995077
9938488
8254102
9361196
2358941
1275253
1672479
5997344
3950247
0377306
2264244
5283628
0190271
6881076
2488733
0959645
5003206
8856334
6280672
8859555
7551854
8389626
5796433
8808404
4282341
2278529
8458280
4884809
6604333
6845728
5172072
9201486
7671545
4623717
8827960
5757622
4887542
4014162
8053092
7850815
0226609
2946619
9556554
9590154
9838271
5722775
4173138
6048458
8929202
6366411
3796592
0950252
5718264
6210178
4606379
8024313
6680691
1485282
8224689
7230889
4750133
1760969
4276537
3024012
7336507
9891843
1559442
2605390
3396913
1329605
9353155
1881313
5929858
7918247
7920277
0274993
9977652
7217054
5880651
4769333
7885444
8788159
7439354
4583792
8594490
2597031
8728890
7588178
1470995
9743547
5340942
8339324
4170502
8435476
3338203
8861849
5810257
2158219
8660708
0309977
6844706
1558745
0937749
4066127
0945249
5047696
2526808
7662936
2560904
1286524
6766473
0967209
3560777
7782024
9415517
5865498
7229926
7983384
8040504
4039116
4712834
5428624
7811513
0339673
5798479
8338488
7655846
8362104
1402964
8090273
3876037
7801618
8875975
7812442
5337165
4643561
0717658
4666649
2155866
4372476
1458284
6584562
5157166
4440108
0374203
2247834
7118977
3776530
2649451
8017611
1157223
2749649
6710563
5150821
7307946
5308693
7426602
1657532
8728251
7482114
8156339
2599518
5651087
0871418
6550095
7931718
2207785
0442763
9765338
5800873
6290662
8092242
0910634
8196858
4639070
7928069
4284261
2386795
4307859
2475335
7495395
9998860
2516485
9060858
8081968
1019474
5646421
7721895
8237456
2070436
3675707
7905795
1057334
9068021
1604793
6995599
2700505
7036471
3250626
8670224
3882389
1664031
3340182
1116502
3984743
9133616
4576472
2861615
3434874
8691105
6495907
8872845
1775679
9079845
1831173
8550094
3713046
3716346
3763626
6928801
2521228
8353319
1286018
6453670
5272504
0669121
4698323
8064228
0673793
2767148
2786132
2102343
5646664
2120379
0710909
5688008
1425394
3570365
4368522
0729749
7322870
0737147
0747841
9896419
4593714
4614438
6178504
3096596
9488964
0791191
4821006
0813061
2440509
3259196
3268292
9825924
8201330
6686312
9233059
6738328
3443764
7833933
4453555
2677263
2699079
3611612
4555645
1828702
2744331
9155870
3662812
2755407
3686932
9242410
0936161
1886954
7693528
9632390
5790606
3864764
5853126
2931069
8823879
8886447
1975118
2967357
1981094
4967035
4991095
4048964
2025722
4054516
8120584
3083523
2071562
7302407
9427797
3237303
2186882
3331401
2221286
7839097
9028424
7979419
8007643
4636916
5801795
3481629
1165103
9387848
2360186
3544647
3573327
1208461
1217131
7306518
9752728
9848392
3713547
7429614
6245165
8833783
6315955
5127412
6566795
7911294
4010817
9408119
6745735
2745698
2804338
9822169
4250139
2847106
1430959
5814388
4372377
5888132
1478627
8906622
1493813
3046814
4607151
1546969
4659069
7875655
8055395
1638899
8195305
3389858
3424154
5140209
5156787
1725697
3454574
5197497
1752631
1757309
5316261
5351799
3574322
3592294
7295812
9132605
5493801
9221705
1849733
7556156
1889387
7677092
7708348
7741484
9691265
9783965
1960909
9809915
1972591
5931231
5967453
8049148
2025923
2028121
8115764
8130844
8168156
2044499
6161433
4111538
4121506
2079563
4161922
4190702
8396236
2137489
4282826
4288082
6488607
8799836
4416754
4435814
2224037
2233391
2240489
4493726
8987812
4516238
4630658
6970389
2333207
7011933
2362909
2376271
2399611
2446139
2452717
7454697
2504189
7619331
7752111
2623249
5383918
2713259
2733707
2747309
8341923
5599714
8410533
2932511
5906414
2985259
5998126
6020698
6133822
3115769
3122447
3129023
9595023
3209321
3245131
9792597
3283837
3323711
3374479
3488777
3519281
7133486
7420586
3743837
3835903
7844846
7874606
7877854
3953921
3964951
3981767
8017118
4062853
4103401
8259058
8267186
8315674
4183973
4238753
8500354
8516278
8534014
8705894
4361381
8866042
4434737
4589771
9243646
4622461
9322106
9330922
9375802
9378706
9397358
4707887
9746518
4883413
4944019
4964801
4985819
4992187
5031071
5080279
5105999
5165077
5169907
5177059
5285053
5302091
5368091
5429191
5679101
5692879
6054487
6132167
6158939
6267803
6290909
6467611
6615031
6721189
6809279
6815911
6840761
6846841
6906569
6967757
6986449
7041263
7106597
7124057
7197791
7244767
7424413
7441283
7456237
7493393
7513147
7566113
7737607
7854541
7877167
7941697
7973681
8111053
8249491
8345791
8352139
8403959
8412347
8418001
8463409
8463551
8718349
8801467
8903269
8917949
9007939
9030079
9079673
9267031
9441977
9492209
9624803
9632573
9724927
9864583
9882163
