458757453
477847230
824774732
511280752
143604115
316633048
349362387
166155003
158825883
896935432
623604250
222919826
469962332
807371474
503057456
893101947
035091532
019635735
183036384
223038431
007813084
849309032
112201766
135411480
334018224
650236915
107845437
439007981
529552179
921893560
378168156
592412788
718632424
117973158
818152297
237491870
433340534
040398861
106597982
282517079
556042204
828047636
017176096
507297496
317424159
279022175
728619605
934437642
432506266
691002044
287063159
061100585
876790603
332592985
947294266
930468146
130681918
477392914
593487808
767709232
809027300
413834081
338322560
777939116
052102227
290597771
627066016
048283345
066729658
411241933
242152492
026306749
384082874
068776208
805592015
684684187
603719234
473385015
503895914
247633326
742138985
468619221
771476697
339305491
967302407
526724648
725940413
905784503
098897437
730445317
259397674
674293385
949388839
454261791
312713558
158768447
871834972
244136551
604962938
889856171
